,trade_date,pe,pe_ttm,pb,ps,ps_ttm,dv_ratio,dv_ttm,total_mv
0,2022-04-13,9.398,9.398,1.0361,0.8777,0.8777,4.7102,4.7102,5892356.7282
1,2022-04-12,9.661,9.661,1.0651,0.9023,0.9023,4.582,4.582,6057238.5807
2,2022-04-11,9.6333,9.6333,1.0621,0.8997,0.8997,4.5952,4.5952,6039882.5963
3,2022-04-08,9.8825,9.8825,1.0896,0.923,0.923,4.4793,4.4793,6196086.4565
4,2022-04-07,9.2735,9.2735,1.0224,0.8661,0.8661,4.7735,4.7735,5814254.7981
5,2022-04-06,9.4811,9.4811,1.0453,0.8855,0.8855,4.669,4.669,5944424.6817
6,2022-04-01,9.2043,9.2043,1.0148,0.8596,0.8596,4.8094,4.8094,5770864.8369
7,2022-03-31,9.1904,9.1904,1.0133,0.8584,0.8584,4.8166,4.8166,5762186.8447
8,2022-03-30,8.0097,7.9396,1.0354,0.8957,0.785,4.7593,4.7593,5831610.7826
9,2022-03-29,7.7833,7.7151,1.0061,0.8703,0.7628,4.8978,4.8978,5666728.9301
10,2022-03-28,7.8309,7.7624,1.0123,0.8757,0.7674,4.8679,4.8679,5701440.8991
11,2022-03-25,7.8548,7.786,1.0154,0.8783,0.7698,4.8532,4.8532,5718796.8835
12,2022-03-24,7.9263,7.8569,1.0246,0.8863,0.7768,4.8094,4.8094,5770864.8369
13,2022-03-23,8.0574,7.9868,1.0416,0.901,0.7896,4.7311,4.7311,5866322.7515
14,2022-03-22,8.0216,7.9514,1.0369,0.897,0.7861,4.7522,4.7522,5840288.7748
15,2022-03-21,7.974,7.9041,1.0308,0.8917,0.7815,4.7806,4.7806,5805576.8059
16,2022-03-18,8.0216,7.9514,1.0369,0.897,0.7861,4.7522,4.7522,5840288.7748
17,2022-03-17,8.0336,7.9632,1.0385,0.8983,0.7873,4.7452,4.7452,5848966.7671
18,2022-03-16,7.962,7.8923,1.0292,0.8903,0.7803,4.7878,4.7878,5796898.8136
19,2022-03-15,7.7237,7.656,0.9984,0.8637,0.7569,4.9356,4.9356,5623338.9689
20,2022-03-14,8.0931,8.0223,1.0462,0.905,0.7931,4.7102,4.7102,5892356.7282
21,2022-03-11,8.1527,8.0814,1.0539,0.9117,0.799,4.6758,4.6758,5935746.6894
22,2022-03-10,7.9859,7.9159,1.0323,0.893,0.7826,4.7735,4.7735,5814254.7981
23,2022-03-09,7.819,7.7505,1.0107,0.8743,0.7663,4.8754,4.8754,5692762.9068
24,2022-03-08,8.0693,7.9987,1.0431,0.9023,0.7908,4.7241,4.7241,5875000.7438
25,2022-03-07,8.3673,8.294,1.0816,0.9357,0.82,4.5559,4.5559,6091950.5497
26,2022-03-04,8.4507,8.3767,1.0924,0.945,0.8282,4.5109,4.5109,6152696.4953
27,2022-03-03,8.5342,8.4594,1.1032,0.9543,0.8364,4.4668,4.4668,6213442.441
28,2022-03-02,8.4865,8.4122,1.097,0.949,0.8317,4.4919,4.4919,6178730.472
29,2022-03-01,8.4507,8.3767,1.0924,0.945,0.8282,4.5109,4.5109,6152696.4953
30,2022-02-28,8.3911,8.3177,1.0847,0.9383,0.8223,4.543,4.543,6109306.5341
31,2022-02-25,8.5103,8.4358,1.1001,0.9516,0.834,4.4793,4.4793,6196086.4565
32,2022-02-24,8.4865,8.4122,1.097,0.949,0.8317,4.4919,4.4919,6178730.472
33,2022-02-23,8.7129,8.6367,1.1263,0.9743,0.8539,4.3752,4.3752,6343612.3245
34,2022-02-22,8.6057,8.5303,1.1124,0.9623,0.8434,4.4297,4.4297,6265510.3944
35,2022-02-21,8.8441,8.7666,1.1433,0.989,0.8667,4.3103,4.3103,6439070.2391
36,2022-02-18,8.8917,8.8139,1.1494,0.9943,0.8714,4.2872,4.2872,6473782.2081
37,2022-02-17,8.856,8.7784,1.1448,0.9903,0.8679,4.3045,4.3045,6447748.2313
38,2022-02-16,8.9275,8.8493,1.154,0.9983,0.8749,4.27,4.27,6499816.1848
39,2022-02-15,8.8798,8.8021,1.1479,0.993,0.8702,4.2929,4.2929,6465104.2158
40,2022-02-14,8.8083,8.7312,1.1386,0.985,0.8632,4.3278,4.3278,6413036.2624
41,2022-02-11,9.0467,8.9675,1.1694,1.0116,0.8866,4.2138,4.2138,6586596.1071
42,2022-02-10,8.9513,8.873,1.1571,1.001,0.8772,4.2586,4.2586,6517172.1692
43,2022-02-09,8.9871,8.9084,1.1617,1.005,0.8807,4.2417,4.2417,6543206.1459
44,2022-02-08,8.9513,8.873,1.1571,1.001,0.8772,4.2586,4.2586,6517172.1692
45,2022-02-07,8.6414,8.5658,1.1171,0.9663,0.8469,4.4114,4.4114,6291544.3711
46,2022-01-28,8.403,8.3295,1.0862,0.9397,0.8235,4.5365,4.5365,6117984.5264
47,2022-01-27,8.415,8.3413,1.0878,0.941,0.8247,4.5301,4.5301,6126662.5186
48,2022-01-26,8.5818,8.5067,1.1094,0.9596,0.841,4.442,4.442,6248154.4099
49,2022-01-25,8.4746,8.4004,1.0955,0.9477,0.8305,4.4982,4.4982,6170052.4798
50,2022-01-24,8.8679,8.7902,1.1463,0.9916,0.8691,4.2987,4.2987,6456426.2236
51,2022-01-21,8.9513,8.873,1.1571,1.001,0.8772,4.2586,4.2586,6517172.1692
52,2022-01-20,9.0824,9.0029,1.1741,1.0156,0.8901,4.1972,4.1972,6612630.0838
53,2022-01-19,9.1301,9.0502,1.1802,1.021,0.8948,4.1752,4.1752,6647342.0528
54,2022-01-18,9.1063,9.0265,1.1772,1.0183,0.8924,4.1862,4.1862,6629986.0683
55,2022-01-17,8.9037,8.8257,1.151,0.9956,0.8726,4.2814,4.2814,6482460.2003
56,2022-01-14,8.9156,8.8375,1.1525,0.997,0.8737,4.2757,4.2757,6491138.1925
57,2022-01-13,8.9037,8.8257,1.151,0.9956,0.8726,4.2814,4.2814,6482460.2003
58,2022-01-12,8.9871,8.9084,1.1617,1.005,0.8807,4.2417,4.2417,6543206.1459
59,2022-01-11,9.0586,8.9793,1.171,1.013,0.8877,4.2082,4.2082,6595274.0994
60,2022-01-10,9.142,9.062,1.1818,1.0223,0.8959,4.1698,4.1698,6656020.045
61,2022-01-07,9.142,9.062,1.1818,1.0223,0.8959,4.1698,4.1698,6656020.045
62,2022-01-06,8.8441,8.7666,1.1433,0.989,0.8667,4.3103,4.3103,6439070.2391
63,2022-01-05,8.6534,8.5776,1.1186,0.9676,0.848,4.4053,4.4053,6300222.3633
64,2022-01-04,8.5938,8.5185,1.1109,0.961,0.8422,4.4358,4.4358,6256832.4022
65,2021-12-31,8.5461,8.4712,1.1047,0.9556,0.8375,2.6954,4.4606,6222120.4332
66,2021-12-30,8.5103,8.4358,1.1001,0.9516,0.834,2.7068,4.4793,6196086.4565
67,2021-12-29,8.558,8.4831,1.1063,0.957,0.8387,2.6917,4.4544,6230798.4254
68,2021-12-28,8.6653,8.5894,1.1201,0.969,0.8492,2.6584,4.3992,6308900.3556
69,2021-12-27,8.558,8.4831,1.1063,0.957,0.8387,2.6917,4.4544,6230798.4254
70,2021-12-24,8.4984,8.424,1.0986,0.9503,0.8328,2.7106,4.4856,6187408.4643
71,2021-12-23,8.6057,8.5303,1.1124,0.9623,0.8434,2.6768,4.4297,6265510.3944
72,2021-12-22,8.6176,8.5421,1.114,0.9636,0.8445,2.6731,4.4236,6274188.3866
73,2021-12-21,8.7725,8.6957,1.134,0.981,0.8597,2.6259,4.3454,6387002.2857
74,2021-12-20,8.7249,8.6485,1.1278,0.9756,0.855,2.6402,4.3692,6352290.3168
75,2021-12-17,8.8083,8.7312,1.1386,0.985,0.8632,2.6152,4.3278,6413036.2624
76,2021-12-16,8.8441,8.7666,1.1433,0.989,0.8667,2.6046,4.3103,6439070.2391
77,2021-12-15,8.7964,8.7194,1.1371,0.9836,0.8621,2.6187,4.3337,6404358.2702
78,2021-12-14,8.8202,8.743,1.1402,0.9863,0.8644,2.6117,4.3219,6421714.2546
79,2021-12-13,8.9871,8.9084,1.1617,1.005,0.8807,2.5632,4.2417,6543206.1459
80,2021-12-10,8.8083,8.7312,1.1386,0.985,0.8632,2.6152,4.3278,6413036.2624
81,2021-12-09,8.999,8.9202,1.1633,1.0063,0.8819,2.5598,4.2361,6551884.1382
82,2021-12-08,9.0348,8.9557,1.1679,1.0103,0.8854,2.5497,4.2193,6577918.1149
83,2021-12-07,9.0824,9.0029,1.1741,1.0156,0.8901,2.5363,4.1972,6612630.0838
84,2021-12-06,8.7249,8.6485,1.1278,0.9756,0.855,2.6402,4.3692,6352290.3168
85,2021-12-03,8.8202,8.743,1.1402,0.9863,0.8644,2.6117,4.3219,6421714.2546
86,2021-12-02,8.8679,8.7902,1.1463,0.9916,0.8691,2.5976,4.2987,6456426.2236
87,2021-12-01,8.4506,8.3766,1.0924,0.945,0.8282,2.7259,4.5109,6152605.3392
88,2021-11-30,8.3195,8.2466,1.0754,0.9303,0.8153,2.7689,4.5821,6057148.8389
89,2021-11-29,8.2599,8.1876,1.0677,0.9236,0.8095,2.7888,4.6151,6013759.5205
90,2021-11-26,8.3791,8.3057,1.0831,0.937,0.8212,2.7492,4.5495,6100538.1572
91,2021-11-25,8.4506,8.3766,1.0924,0.945,0.8282,2.7259,4.511,6152605.3392
92,2021-11-24,8.4625,8.3884,1.0939,0.9463,0.8293,2.7221,4.5046,6161283.2029
93,2021-11-23,8.5579,8.4829,1.1063,0.957,0.8387,2.6917,4.4544,6230706.1122
94,2021-11-22,8.3195,8.2466,1.0754,0.9303,0.8153,2.7689,4.5821,6057148.8389
95,2021-11-19,8.2122,8.1403,1.0616,0.9183,0.8048,2.805,4.6419,5979048.0659
96,2021-11-18,8.2003,8.1285,1.06,0.917,0.8036,2.8091,4.6487,5970370.2022
97,2021-11-17,8.2241,8.1521,1.0631,0.9196,0.806,2.801,4.6352,5987725.9295
98,2021-11-16,8.2003,8.1285,1.06,0.917,0.8036,2.8091,4.6487,5970370.2022
99,2021-11-15,8.248,8.1758,1.0662,0.9223,0.8083,2.7929,4.6218,6005081.6569
100,2021-11-12,8.2361,8.1639,1.0647,0.921,0.8071,2.7969,4.6285,5996403.7932
101,2021-11-11,8.391,8.3175,1.0847,0.9383,0.8223,2.7453,4.543,6109216.0209
102,2021-11-10,8.2361,8.1639,1.0647,0.921,0.8071,2.7969,4.6285,5996403.7932
103,2021-11-09,8.3791,8.3057,1.0831,0.937,0.8212,2.7492,4.5495,6100538.1572
104,2021-11-08,8.4983,8.4239,1.0986,0.9503,0.8328,2.7106,4.4857,6187316.7939
105,2021-11-05,8.4387,8.3648,1.0909,0.9436,0.827,2.7298,4.5174,6143927.4755
106,2021-11-04,8.391,8.3175,1.0847,0.9383,0.8223,2.7453,4.543,6109216.0209
107,2021-11-03,8.3433,8.2703,1.0785,0.933,0.8177,2.761,4.569,6074504.5662
108,2021-11-02,8.3552,8.2821,1.0801,0.9343,0.8188,2.757,4.5625,6083182.4299
109,2021-11-01,8.6532,8.5775,1.1186,0.9676,0.848,2.6621,4.4054,6300129.0215
110,2021-10-29,8.689,8.6129,1.1232,0.9716,0.8515,2.6511,4.3872,6326162.6125
111,2021-10-28,8.832,7.9264,1.1612,0.9876,0.8167,2.6082,4.3162,6430296.9765
112,2021-10-27,9.1538,8.2152,1.2035,1.0236,0.8465,2.5165,4.1644,6664599.2955
113,2021-10-26,9.428,8.4613,1.2396,1.0543,0.8719,2.4433,6.4867,6864190.1598
114,2021-10-25,9.4637,8.4933,1.2443,1.0583,0.8752,2.4341,6.4622,6890223.7508
115,2021-10-22,9.5948,8.611,1.2615,1.0729,0.8873,2.4008,6.3739,6985680.2511
116,2021-10-21,9.3803,8.4185,1.2333,1.0489,0.8674,2.4557,6.5197,6829478.7051
117,2021-10-20,9.3803,8.4185,1.2333,1.0489,0.8674,2.4557,6.5197,6829478.7051
118,2021-10-19,9.5591,8.5789,1.2568,1.0689,0.884,2.4098,6.3977,6959646.6601
119,2021-10-18,9.3922,8.4292,1.2349,1.0503,0.8685,2.4526,6.5114,6838156.5688
120,2021-10-15,9.3326,8.3757,1.227,1.0436,0.863,2.4683,6.553,6794767.2505
121,2021-10-14,9.4756,8.504,1.2458,1.0596,0.8763,2.431,6.454,6898901.6145
122,2021-10-13,9.4995,8.5254,1.249,1.0623,0.8785,2.4249,6.4378,6916257.3418
123,2021-10-12,9.4637,8.4933,1.2443,1.0583,0.8752,2.4341,6.4622,6890223.7508
124,2021-10-11,9.7855,8.7822,1.2866,1.0942,0.9049,2.354,6.2497,7124526.0698
125,2021-10-08,9.9253,8.9076,1.305,1.1099,0.9178,2.3201,6.1596,7226301.1954
126,2021-09-30,9.83,8.8221,1.2924,1.0992,0.909,2.3436,6.2218,7156900.9438
127,2021-09-29,9.5917,8.6082,1.2611,1.0726,0.887,2.4018,6.3764,6983400.3148
128,2021-09-28,9.6394,8.651,1.2674,1.0779,0.8914,2.3899,6.3449,7018100.4406
129,2021-09-27,9.5083,8.5333,1.2501,1.0632,0.8793,2.4229,6.4323,6922675.0947
130,2021-09-24,9.8419,8.8328,1.294,1.1006,0.9101,2.3407,6.2143,7165575.9752
131,2021-09-23,10.2351,9.1856,1.3457,1.1445,0.9465,2.2508,5.9756,7451852.013
132,2021-09-22,9.9611,8.9397,1.3097,1.1139,0.9212,2.3127,6.14,7252326.2897
133,2021-09-17,10.3662,9.3033,1.3629,1.1592,0.9586,2.2223,5.9,7547277.3589
134,2021-09-16,10.4853,9.4102,1.3786,1.1725,0.9696,2.1971,5.833,7634027.6734
135,2021-09-15,10.3543,9.2926,1.3614,1.1578,0.9575,2.2249,5.9068,7538602.3274
136,2021-09-14,10.39,9.3247,1.3661,1.1618,0.9608,2.2172,5.8865,7564627.4218
137,2021-09-13,10.8547,9.7417,1.4272,1.2138,1.0038,2.1223,5.6345,7902953.6482
138,2021-09-10,10.9977,9.87,1.446,1.2298,1.017,2.0947,5.5612,8007054.0256
139,2021-09-09,10.676,9.5813,1.4037,1.1938,0.9873,2.1579,5.7288,7772828.1765
140,2021-09-08,10.4853,9.4102,1.3786,1.1725,0.9696,2.1971,5.833,7634027.6734
141,2021-09-07,10.7713,9.6668,1.4162,1.2045,0.9961,2.1388,5.6781,7842228.4281
142,2021-09-06,10.7117,9.6134,1.4084,1.1978,0.9906,2.1507,5.7097,7798853.2709
143,2021-09-03,10.2828,9.2284,1.352,1.1499,0.9509,2.2404,5.9479,7486552.1388
144,2021-09-02,10.5926,9.5064,1.3927,1.1845,0.9796,2.1749,5.7739,7712102.9564
145,2021-09-01,10.3304,9.2712,1.4294,1.1552,0.9553,2.23,5.9204,7521252.2645
146,2021-08-31,9.3891,8.4264,1.2992,1.0499,0.8683,2.4536,6.514,6835924.7802
147,2021-08-30,8.984,7.5443,1.2431,1.0046,0.8711,2.5642,6.8077,6540973.711
148,2021-08-27,9.4845,7.9645,1.3123,1.0606,0.9196,2.4289,6.4485,6905325.0318
149,2021-08-26,9.413,7.9045,1.3025,1.0526,0.9126,2.4474,6.4975,6853274.8431
150,2021-08-25,9.5679,8.0346,1.3239,1.0699,0.9277,2.4078,6.3923,6966050.2519
151,2021-08-24,9.6751,8.1246,1.3387,1.0819,0.9381,2.3811,6.3214,7044125.535
152,2021-08-23,9.7704,8.2047,1.3519,1.0926,0.9473,2.3579,6.2598,7113525.7865
153,2021-08-20,9.6394,8.0946,1.3338,1.0779,0.9346,2.3899,6.3449,7018100.4406
154,2021-08-19,9.6394,8.0946,1.3338,1.0779,0.9346,2.3899,6.3449,7018100.4406
155,2021-08-18,10.1875,8.5549,1.4096,1.1392,0.9877,2.2613,6.0035,7417151.8872
156,2021-08-17,10.0087,8.4048,1.3849,1.1192,0.9704,2.3017,6.1107,7287026.4155
157,2021-08-16,10.2232,8.5849,1.4146,1.1432,0.9912,2.2534,5.9825,7443176.9815
158,2021-08-13,10.4853,8.805,1.4508,1.1725,1.0166,2.1971,5.833,7634027.6734
159,2021-08-12,10.4853,8.805,1.4508,1.1725,1.0166,2.1971,5.833,7634027.6734
160,2021-08-11,10.7356,9.0151,1.4855,1.2005,1.0409,2.1459,5.697,7816203.3337
161,2021-08-10,10.9024,9.1552,1.5085,1.2191,1.0571,2.1131,5.6099,7937653.774
162,2021-08-09,10.807,9.0752,1.4954,1.2085,1.0478,2.1317,5.6593,7868253.5224
163,2021-08-06,10.1875,8.5549,1.4096,1.1392,0.9877,2.2613,6.0035,7417151.8872
164,2021-08-05,10.3185,8.6649,1.4278,1.1538,1.0004,2.2326,5.9273,7512577.2331
165,2021-08-04,10.3662,8.705,1.4344,1.1592,1.0051,2.2223,5.9,7547277.3589
166,2021-08-03,10.091,8.4739,1.3963,1.1284,0.9784,2.2827,6.0602,7346947.9088
167,2021-08-02,9.9719,8.3739,1.3798,1.1151,0.9668,2.3103,6.1335,7260207.0835
168,2021-07-30,9.0664,7.6135,1.2545,1.0138,0.879,2.541,6.746,6600976.8107
169,2021-07-29,8.8758,7.4534,1.2281,0.9925,0.8606,2.5956,6.8909,6462191.4901
170,2021-07-28,8.8282,7.4134,1.2215,0.9872,0.8559,2.6096,6.9281,6427495.1599
171,2021-07-27,8.852,7.4334,1.2248,0.9899,0.8583,2.6026,6.9094,6444843.325
172,2021-07-26,9.2571,7.7736,1.2809,1.0352,0.8975,2.4887,6.6071,6739762.1312
173,2021-07-23,9.7336,8.1738,1.3468,1.0884,0.9437,2.3668,6.2836,7086725.4327
174,2021-07-22,9.7455,8.1838,1.3485,1.0898,0.9449,2.3639,6.2759,7095399.5153
175,2021-07-21,9.4239,7.9136,1.304,1.0538,0.9137,2.4446,6.4901,6861199.2868
176,2021-07-20,9.5906,8.0537,1.327,1.0725,0.9299,2.4021,6.3773,6982636.4423
177,2021-07-19,9.4953,7.9737,1.3139,1.0618,0.9206,2.4262,6.4413,6913243.782
178,2021-07-16,9.674,8.1237,1.3386,1.0818,0.938,2.3814,6.3223,7043355.02
179,2021-07-15,9.8528,8.2738,1.3633,1.1018,0.9553,2.3382,6.2076,7173466.2581
180,2021-07-14,9.6502,8.1037,1.3353,1.0791,0.9357,2.3873,6.3379,7026006.855
181,2021-07-13,10.0672,8.4539,1.393,1.1257,0.9761,2.2884,6.0754,7329599.7438
182,2021-07-12,10.0076,8.4039,1.3847,1.1191,0.9703,2.302,6.1115,7286229.3311
183,2021-07-09,10.2102,8.5739,1.4128,1.1417,0.9899,2.2564,5.9903,7433688.7342
184,2021-07-08,9.9481,8.3538,1.3765,1.1124,0.9645,2.3158,6.1481,7242858.9184
185,2021-07-07,10.1625,8.5339,1.4062,1.1364,0.9853,2.2669,6.0184,7398992.4041
186,2021-07-06,10.5318,8.8441,1.3843,1.1777,1.0211,2.1874,2.1874,7667888.9627
187,2021-07-05,10.3055,8.654,1.3545,1.1524,0.9992,2.2355,2.2355,7503081.3945
188,2021-07-02,10.5676,8.8741,1.3889,1.1817,1.0246,2.18,2.18,7693911.2103
189,2021-07-01,10.8416,9.1042,1.425,1.2123,1.0512,2.1249,2.1249,7893415.1087
190,2021-06-30,11.0084,9.2443,1.4469,1.231,1.0673,2.0927,2.0927,8014852.2642
191,2021-06-29,10.9327,9.1807,1.4369,1.2225,1.06,2.1074,2.1074,7959728.5638
192,2021-06-28,10.897,9.1507,1.4322,1.2185,1.0565,2.1143,2.1143,7933716.3789
193,2021-06-25,11.2304,9.4307,1.4761,1.2558,1.0889,2.0516,2.0516,8176496.7709
194,2021-06-24,10.7898,9.0607,1.4182,1.2065,1.0461,2.1353,2.1353,7855679.8244
195,2021-06-23,10.8731,9.1307,1.4291,1.2159,1.0542,2.119,2.119,7916374.9224
196,2021-06-22,11.0041,9.2407,1.4463,1.2305,1.0669,2.0937,2.0937,8011752.9335
197,2021-06-21,10.766,9.0407,1.415,1.2039,1.0438,2.1401,2.1401,7838338.3678
198,2021-06-18,10.9565,9.2007,1.4401,1.2252,1.0623,2.1028,2.1028,7977070.0204
199,2021-06-17,10.8731,9.1307,1.4291,1.2159,1.0542,2.119,2.119,7916374.9224
200,2021-06-16,10.9922,9.2307,1.4448,1.2292,1.0658,2.096,2.096,8003082.2052
201,2021-06-15,11.2066,9.4107,1.4729,1.2532,1.0866,2.0559,2.0559,8159155.3143
202,2021-06-11,11.5281,9.6807,1.5152,1.2891,1.1177,1.9986,1.9986,8393264.9779
203,2021-06-10,11.7901,9.9007,1.5496,1.3184,1.1431,1.9542,1.9542,8584021.0002
204,2021-06-09,11.945,10.0307,1.57,1.3357,1.1581,1.9288,1.9288,8696740.4678
205,2021-06-08,12.0641,10.1307,1.5856,1.349,1.1697,1.9098,1.9098,8783447.7507
206,2021-06-07,12.2784,10.3108,1.6138,1.373,1.1905,1.8764,1.8764,8939520.8598
207,2021-06-04,12.207,10.2508,1.6044,1.365,1.1835,1.8874,1.8874,8887496.4901
208,2021-06-03,12.4452,10.4508,1.6357,1.3917,1.2066,1.8513,1.8513,9060911.0557
209,2021-06-02,12.7072,10.6708,1.6702,1.421,1.232,1.8131,1.8131,9251667.078
210,2021-06-01,12.9987,10.9156,1.7085,1.4536,1.2603,1.7716,1.7716,9463941.3785
211,2021-05-31,12.7964,10.7457,1.6819,1.4309,1.2407,1.8002,1.8002,9316608.9578
212,2021-05-28,13.0106,10.9256,1.7101,1.4549,1.2615,1.7705,1.7705,9472607.9915
213,2021-05-27,13.2249,11.1055,1.7382,1.4788,1.2822,1.7418,1.7418,9628607.0252
214,2021-05-26,13.2011,11.0855,1.7351,1.4762,1.2799,1.745,1.745,9611273.7993
215,2021-05-25,12.7368,10.6957,1.6741,1.4243,1.2349,1.8086,1.8086,9273275.8929
216,2021-05-24,12.6416,10.6157,1.6615,1.4136,1.2257,1.8222,1.8222,9203942.989
217,2021-05-21,12.4393,10.4458,1.635,1.391,1.2061,1.8519,1.8519,9056610.5683
218,2021-05-20,12.8678,10.8057,1.6913,1.4389,1.2476,1.7902,1.7902,9368608.6357
219,2021-05-19,12.9511,10.8756,1.7022,1.4482,1.2557,1.7787,1.7787,9429274.9266
220,2021-05-18,13.082,10.9856,1.7194,1.4629,1.2684,1.7609,1.7609,9524607.6694
221,2021-05-17,13.3082,11.1755,1.7492,1.4882,1.2903,1.7309,1.7309,9689273.3161
222,2021-05-14,13.1654,11.0556,1.7304,1.4722,1.2765,1.7497,1.7497,9585273.9603
223,2021-05-13,12.8202,10.7657,1.685,1.4336,1.243,1.7973,1.7973,9333942.1838
224,2021-05-12,13.0939,10.9956,1.721,1.4642,1.2695,1.7598,1.7598,9533274.2824
225,2021-05-11,13.2487,11.1255,1.7413,1.4815,1.2845,1.7392,1.7392,9645940.2512
226,2021-05-10,13.1892,11.0756,1.7335,1.4749,1.2788,1.7471,1.7471,9602607.1863
227,2021-05-07,13.5463,11.3754,1.7805,1.5148,1.3134,1.701,1.701,9862605.5758
228,2021-05-06,13.7605,11.5554,1.8086,1.5387,1.3342,1.6745,1.6745,10018604.6095
229,2021-04-30,14.0581,11.8053,1.8477,1.572,1.363,1.6391,1.6391,10235269.9341
230,2021-04-29,14.1415,14.1415,2.0292,1.5813,1.5813,1.6294,1.6294,10295936.225
231,2021-04-28,14.1653,14.1653,2.0326,1.584,1.584,1.6267,1.6267,10313269.451
232,2021-04-27,14.0819,14.0819,2.0207,1.5747,1.5747,1.6363,1.6363,10252603.1601
233,2021-04-26,14.1653,14.1653,2.0326,1.584,1.584,1.6267,1.6267,10313269.451
234,2021-04-23,14.6295,14.6295,2.0992,1.6359,1.6359,1.5751,1.5751,10651267.3573
235,2021-04-22,14.4629,14.4629,2.0753,1.6173,1.6173,1.5932,1.5932,10529934.7756
236,2021-04-21,14.5105,14.5105,2.0822,1.6226,1.6226,1.588,1.588,10564601.2275
237,2021-04-20,14.7605,14.7605,2.118,1.6506,1.6506,1.5611,1.5611,10746600.1002
238,2021-04-19,14.82,14.82,2.1266,1.6572,1.6572,1.5548,1.5548,10789933.1651
239,2021-04-16,14.6652,14.6652,2.1044,1.6399,1.6399,1.5712,1.5712,10677267.1963
240,2021-04-15,14.6652,14.6652,2.1044,1.6399,1.6399,1.5712,1.5712,10677267.1963
241,2021-04-14,14.6771,14.6771,2.1061,1.6412,1.6412,1.5699,1.5699,10685933.8093
242,2021-04-13,14.5105,14.5105,2.0822,1.6226,1.6226,1.588,1.588,10564601.2275
243,2021-04-12,14.2605,14.2605,2.0463,1.5947,1.5947,1.6158,1.6158,10382602.3548
244,2021-04-09,15.308,15.308,2.1966,1.7118,1.7118,1.5052,1.5052,11145264.2974
245,2021-04-08,15.6889,15.6889,2.2513,1.7544,1.7544,1.4687,1.4687,11422595.9129
246,2021-04-07,15.8318,15.8318,2.2718,1.7704,1.7704,1.4554,1.4554,11526595.2687
247,2021-04-06,15.4628,15.4628,2.2188,1.7291,1.7291,1.4902,1.4902,11257930.2662
248,2021-04-02,15.558,15.558,2.2325,1.7397,1.7397,1.4811,1.4811,11327263.1701
249,2021-04-01,15.558,15.558,2.2325,1.7397,1.7397,1.4811,1.4811,11327263.1701
250,2021-03-31,15.1295,15.1295,2.171,1.6918,1.6918,1.523,1.523,11015265.1027
251,2021-03-30,25.0792,16.6667,2.1607,2.5315,1.9303,1.5302,1.5302,10963265.4248
252,2021-03-29,24.3457,16.1792,2.0975,2.4575,1.8738,1.5763,1.5763,10642600.7444
253,2021-03-26,24.2069,16.087,2.0856,2.4434,1.8631,1.5854,1.5854,10581934.4535
254,2021-03-25,23.4535,15.5863,2.0207,2.3674,1.8051,1.6363,1.6363,10252603.1601
255,2021-03-24,23.4932,15.6127,2.0241,2.3714,1.8082,1.6335,1.6335,10269936.386
256,2021-03-23,25.0594,16.6535,2.159,2.5295,1.9287,1.5314,1.5314,10954598.8118
257,2021-03-22,25.7334,17.1015,2.2171,2.5975,1.9806,1.4913,1.4913,11249263.6532
258,2021-03-19,24.3655,16.1924,2.0992,2.4595,1.8753,1.5751,1.5751,10651267.3573
259,2021-03-18,25.2973,16.8116,2.1795,2.5535,1.9471,1.517,1.517,11058598.1676
260,2021-03-17,24.9999,16.614,2.1539,2.5235,1.9242,1.5351,1.5351,10928598.9728
261,2021-03-16,24.7422,16.4427,2.1317,2.4975,1.9043,1.5511,1.5511,10815933.004
262,2021-03-15,24.9801,16.6008,2.1522,2.5215,1.9226,1.5363,1.5363,10919932.3598
263,2021-03-12,25.5947,17.0092,2.2052,2.5835,1.9699,1.4994,1.4994,11188597.3623
264,2021-03-11,25.8326,17.1673,2.2256,2.6075,1.9883,1.4856,1.4856,11292596.7182
265,2021-03-10,24.5241,16.2978,2.1129,2.4755,1.8875,1.5649,1.5649,10720600.2612
266,2021-03-09,24.6232,16.3637,2.1215,2.4855,1.8952,1.5586,1.5586,10763933.3261
267,2021-03-08,24.643,16.3768,2.1232,2.4875,1.8967,1.5573,1.5573,10772599.9391
268,2021-03-05,26.804,17.8129,2.3093,2.7056,2.063,1.4318,1.4318,11717260.7544
269,2021-03-04,28.0748,18.6574,2.4188,2.8339,2.1608,1.3651,1.3651,12272766.3846
270,2021-03-03,30.7872,20.46,2.6525,3.1077,2.3696,1.2448,1.2448,13458499.103
271,2021-03-02,30.4902,20.2626,2.6269,3.0777,2.3467,1.257,1.257,13328674.3528
272,2021-03-01,31.0842,20.6574,2.6781,3.1376,2.3925,1.233,1.233,13588323.8532
273,2021-02-26,28.4708,18.9206,2.4529,2.8738,2.1913,1.3483,1.3483,12445866.0515
274,2021-02-25,28.5104,18.9469,2.4564,2.8778,2.1944,1.3465,1.3465,12463176.0182
275,2021-02-24,27.164,18.0522,2.3404,2.7419,2.0907,1.4132,1.4132,11874637.1507
276,2021-02-23,27.659,18.3811,2.383,2.7919,2.1288,1.3879,1.3879,12091011.7344
277,2021-02-22,27.5402,18.3022,2.3728,2.7799,2.1197,1.3939,1.3939,12039081.8343
278,2021-02-19,28.8865,19.1969,2.4888,2.9158,2.2233,1.3289,1.3289,12627620.7018
279,2021-02-18,28.3124,18.8153,2.4393,2.8579,2.1791,1.3559,1.3559,12376626.1848
280,2021-02-10,29.5003,19.6048,2.5416,2.9778,2.2706,1.3013,1.3013,12895925.1855
281,2021-02-09,27.4039,18.2116,2.6275,2.7662,2.1092,1.3181,1.3181,11979491.4172
282,2021-02-08,25.2056,16.7507,2.4167,2.5443,1.94,1.4331,1.4331,11018526.0962
283,2021-02-05,22.9098,15.225,2.1966,2.3125,1.7633,1.6996,1.6996,10014938.5704
284,2021-02-04,24.1392,16.042,2.3145,2.4366,1.8579,1.613,1.613,10552325.5181
285,2021-02-03,25.0846,16.6703,2.4561,2.532,1.9307,1.5154,1.5154,10965620.9987
286,2021-02-02,25.0846,16.6703,2.4561,2.532,1.9307,1.5154,1.5154,10965620.9987
287,2021-02-01,24.6586,16.3871,2.4144,2.489,1.8979,1.5399,1.5399,10779383.7438
288,2021-01-29,22.5886,15.0115,2.2117,2.2801,1.7386,1.6871,1.6871,9874487.0231
289,2021-01-28,21.5354,14.3116,2.1086,2.1738,1.6575,1.7696,1.7696,9414100.9721
290,2021-01-27,22.0438,14.6495,2.1584,2.2251,1.6966,1.7288,1.7288,9636356.3071
291,2021-01-26,20.9906,13.9496,2.0553,2.1188,1.6156,1.8155,1.8155,9175970.2561
292,2021-01-25,22.1346,14.7098,2.1673,2.2343,1.7036,1.7217,1.7217,9676044.7597
293,2021-01-22,21.2267,14.1065,2.0784,2.1426,1.6338,1.7954,1.7954,9279160.2331
294,2021-01-21,21.0996,14.022,2.0659,2.1298,1.624,1.8062,1.8062,9223596.3993
295,2021-01-20,20.5549,13.66,2.0126,2.0748,1.582,1.854,1.854,8985465.6834
296,2021-01-19,20.6275,13.7082,2.0197,2.0821,1.5876,1.8475,1.8475,9017216.4455
297,2021-01-18,21.2993,14.1547,2.0855,2.15,1.6393,1.7892,1.7892,9310910.9952
298,2021-01-15,21.4083,14.2271,2.0962,2.161,1.6477,1.7801,1.7801,9358537.1384
299,2021-01-14,20.7728,13.8048,2.0339,2.0968,1.5988,1.8346,1.8346,9080717.9698
300,2021-01-13,22.9699,15.2649,2.2491,2.3186,1.7679,1.6591,1.6591,10041178.5242
301,2021-01-12,21.4628,14.2633,2.1015,2.1665,1.6519,1.7756,1.7756,9382350.21
302,2021-01-11,20.7546,13.7927,2.0321,2.095,1.5974,1.8362,1.8362,9072780.2792
303,2021-01-08,21.5354,14.3116,2.1086,2.1738,1.6575,1.7696,1.7696,9414100.9721
304,2021-01-07,20.918,13.9013,2.0481,2.1115,1.61,1.8219,1.8219,9144219.494
305,2021-01-06,19.4835,12.948,1.9077,1.9667,1.4996,1.956,1.956,8517141.9419
306,2021-01-05,19.4825,12.9473,1.9076,1.9666,1.4995,1.9523,1.9523,8516700.3699
307,2021-01-04,18.522,12.309,1.8135,1.8696,1.4256,2.0536,2.0536,8096807.2354
308,2020-12-31,17.942,11.9236,1.7568,1.8111,1.3809,2.3468,2.12,7843286.8523
309,2020-12-30,18.2501,12.1283,1.7869,1.8422,1.4047,2.3072,2.0842,7977969.5558
310,2020-12-29,16.8184,11.1769,1.6467,1.6977,1.2945,2.5036,2.2616,7352091.11
311,2020-12-28,17.2171,11.4418,1.6858,1.7379,1.3252,2.4456,2.2092,7526386.3734
312,2020-12-25,16.8003,11.1648,1.645,1.6958,1.2931,2.5063,2.264,7344168.598
313,2020-12-24,16.4918,10.9598,1.6148,1.6647,1.2693,2.5532,2.3064,7209326.2396
314,2020-12-23,17.0536,11.3332,1.6698,1.7214,1.3126,2.4691,2.2304,7454918.6719
315,2020-12-22,17.1261,11.3814,1.6769,1.7287,1.3181,2.4586,2.221,7486608.018
316,2020-12-21,17.2167,11.4416,1.6857,1.7379,1.3251,2.4457,2.2093,7526219.7007
317,2020-12-18,17.0166,11.3086,1.6662,1.7177,1.3097,2.4745,2.2353,7438751.8937
318,2020-12-17,17.3791,11.5495,1.7016,1.7542,1.3376,2.4229,2.1887,7597191.7636
319,2020-12-16,17.0891,11.3568,1.6733,1.725,1.3153,2.464,2.2258,7470439.8677
320,2020-12-15,17.216,11.4411,1.6857,1.7378,1.3251,2.4458,2.2094,7525893.8222
321,2020-12-14,17.2827,11.4854,1.6922,1.7445,1.3302,2.4365,2.201,7555065.6746
322,2020-12-11,17.5545,11.666,1.7188,1.772,1.3511,2.3988,2.167,7673856.0154
323,2020-12-10,17.8081,11.8346,1.7436,1.7976,1.3706,2.3647,2.1361,7784727.0001
324,2020-12-09,17.9349,11.9188,1.7561,1.8104,1.3804,2.3479,2.121,7840162.4925
325,2020-12-08,18.3153,12.1717,1.7933,1.8488,1.4097,2.2992,2.0769,8006468.9696
326,2020-12-07,19.6016,13.0265,1.9193,1.9786,1.5087,2.1483,1.9407,8568743.2493
327,2020-12-04,18.5146,12.3041,1.8128,1.8689,1.425,2.2744,2.0546,8093581.8862
328,2020-12-03,18.3153,12.1717,1.7933,1.8488,1.4097,2.2992,2.0769,8006468.9696
329,2020-12-02,18.7675,12.4722,1.8376,1.8944,1.4445,2.2437,2.0268,8204144.8111
330,2020-12-01,17.0647,11.3405,1.6709,1.7225,1.3134,2.4677,2.2292,7459753.2935
331,2020-11-30,15.5068,10.3052,1.5183,1.5653,1.1935,2.7156,2.4531,6778714.2455
332,2020-11-27,14.9995,9.9681,1.4687,1.5141,1.1545,2.8074,2.5361,6556980.6019
333,2020-11-26,14.6191,9.7153,1.4314,1.4757,1.1252,2.8805,2.6021,6390680.3693
334,2020-11-25,14.601,9.7033,1.4296,1.4738,1.1238,2.8841,2.6053,6382761.3106
335,2020-11-24,14.6916,9.7635,1.4385,1.483,1.1308,2.8663,2.5893,6422356.6041
336,2020-11-23,14.5648,9.6792,1.4261,1.4702,1.121,2.8912,2.6118,6366923.1932
337,2020-11-20,14.1662,9.4143,1.3871,1.4299,1.0903,2.9726,2.6853,6192703.9018
338,2020-11-19,13.967,9.2819,1.3675,1.4098,1.075,3.015,2.7236,6105594.2562
339,2020-11-18,14.0213,9.318,1.3729,1.4153,1.0792,3.0033,2.713,6129351.4323
340,2020-11-17,14.0213,9.318,1.3729,1.4153,1.0792,3.0033,2.713,6129351.4323
341,2020-11-16,14.0213,9.318,1.3729,1.4153,1.0792,3.0033,2.713,6129351.4323
342,2020-11-13,13.5141,8.9809,1.3232,1.3641,1.0401,3.116,2.8149,5907617.7887
343,2020-11-12,13.9126,9.2458,1.3622,1.4043,1.0708,3.0268,2.7342,6081837.0801
344,2020-11-11,14.0394,9.3301,1.3746,1.4171,1.0806,2.9994,2.7095,6137270.491
345,2020-11-10,13.6221,9.0528,1.3338,1.375,1.0485,3.0913,2.7926,5954860.9291
346,2020-11-09,13.7671,9.1491,1.348,1.3896,1.0596,3.0588,2.7632,6018210.5134
347,2020-11-06,13.5678,9.0166,1.3285,1.3695,1.0443,3.1037,2.8037,5931104.835
348,2020-11-05,13.441,8.9324,1.316,1.3567,1.0345,3.133,2.8302,5875673.9486
349,2020-11-04,13.2961,8.8361,1.3018,1.3421,1.0234,3.1672,2.861,5812324.3643
350,2020-11-03,13.1693,8.7518,1.2894,1.3293,1.0136,3.1976,2.8886,5756893.478
351,2020-11-02,13.1149,8.7157,1.2841,1.3238,1.0094,3.2109,2.9006,5733137.3839
352,2020-10-30,13.4048,10.0798,1.374,1.3531,1.175,3.1415,2.8378,5859836.5526
353,2020-10-29,13.7489,10.3386,1.4093,1.3878,1.2051,3.0628,2.7668,6010291.8154
354,2020-10-28,13.8033,10.3795,1.4148,1.3933,1.2099,3.0508,2.7559,6034047.9095
355,2020-10-27,13.9663,10.5021,1.4316,1.4098,1.2242,3.0152,2.7237,6105316.1919
356,2020-10-26,14.5098,10.9107,1.4314,1.4646,1.2718,2.9022,,6342877.1332
357,2020-10-23,14.5098,10.9107,1.4314,1.4646,1.2718,2.9022,,6342877.1332
358,2020-10-22,15.1981,11.4283,1.4994,1.5341,1.3322,2.7708,,6643787.6589
359,2020-10-21,15.6329,11.7552,1.5422,1.578,1.3703,2.6937,,6833836.412
360,2020-10-20,15.5604,11.7008,1.5351,1.5707,1.3639,2.7063,,6802161.6198
361,2020-10-19,15.6494,11.7677,1.5439,1.5797,1.3717,2.6909,,6841072.6762
362,2020-10-16,16.066,12.081,1.585,1.6217,1.4082,2.6212,,7023184.5645
363,2020-10-15,15.6313,11.7541,1.5421,1.5778,1.3701,2.6941,,6833154.768
364,2020-10-14,15.8305,11.9039,1.5617,1.5979,1.3876,2.6601,,6920251.7581
365,2020-10-13,15.5588,11.6996,1.5349,1.5705,1.3638,2.7066,,6801483.1352
366,2020-10-12,15.6313,11.7541,1.5421,1.5778,1.3701,2.6941,,6833154.768
367,2020-10-09,15.0698,11.3319,1.4867,1.5211,1.3209,2.7944,,6587699.6141
368,2020-09-30,14.6862,11.0434,1.4488,1.4824,1.2873,2.8676,,6419992.4191
369,2020-09-29,14.5051,10.9072,1.431,1.4641,1.2714,2.9034,,6340830.9836
370,2020-09-28,14.5775,10.9617,1.4381,1.4715,1.2778,2.8889,,6372495.5578
371,2020-09-25,14.7043,11.057,1.4506,1.4843,1.2889,2.864,,6427908.5626
372,2020-09-24,14.6681,11.0298,1.4471,1.4806,1.2857,2.8711,,6412076.2755
373,2020-09-23,15.0664,11.3293,1.4864,1.5208,1.3206,2.7952,,6586231.4336
374,2020-09-22,15.1751,11.411,1.4971,1.5318,1.3301,2.7752,,6633728.2949
375,2020-09-21,15.5373,11.6834,1.5328,1.5683,1.3619,2.7105,,6792051.1659
376,2020-09-18,15.5146,11.6664,1.5306,1.5661,1.3599,2.7105,,6782161.851
377,2020-09-17,15.406,11.5847,1.5199,1.5551,1.3504,2.7328,,6734678.8042
378,2020-09-16,15.0078,11.2852,1.4806,1.5149,1.3155,2.8053,,6560574.2993
379,2020-09-15,15.0259,11.2988,1.4824,1.5167,1.3171,2.8029,,6568488.1404
380,2020-09-14,14.6095,10.9857,1.4413,1.4747,1.2806,2.8828,,6386469.7943
381,2020-09-11,14.4828,10.8904,1.4288,1.4619,1.2695,2.908,,6331072.9064
382,2020-09-10,14.4647,10.8768,1.427,1.4601,1.2679,2.9117,,6323159.0653
383,2020-09-09,14.5009,10.904,1.4306,1.4637,1.271,2.9044,,6338986.7475
384,2020-09-08,15.044,11.3124,1.4841,1.5185,1.3186,2.7995,,6576401.9815
385,2020-09-07,14.8448,11.1627,1.4645,1.4984,1.3012,2.8371,,6489349.7291
386,2020-09-04,15.3517,11.5438,1.5145,1.5496,1.3456,2.7434,,6710937.2808
387,2020-09-03,15.569,11.7072,1.5359,1.5715,1.3647,2.7051,,6805903.3744
388,2020-09-02,15.4241,11.5983,1.5217,1.5569,1.352,2.7305,,6742592.6453
389,2020-09-01,15.585,11.7193,1.5375,1.5732,1.3661,2.702,,6812934.037
390,2020-08-31,15.4221,11.5968,1.5215,1.5567,1.3518,2.731,,6741718.6986
391,2020-08-28,15.6936,11.801,1.5482,1.5841,1.3756,2.6837,,6860410.9293
392,2020-08-27,15.4583,11.624,1.525,1.5604,1.355,2.7246,,6757544.3294
393,2020-08-26,15.4402,11.6104,1.5232,1.5585,1.3534,2.7278,,6749631.514
394,2020-08-25,15.8747,11.9371,1.5661,1.6024,1.3915,2.6531,,6939539.083
395,2020-08-24,15.5488,11.6921,1.534,1.5695,1.3629,2.7087,,6797108.4063
396,2020-08-21,15.0963,15.014,1.6474,1.5238,1.5221,2.7899,,6599288.0219
397,2020-08-20,15.0963,15.014,1.6474,1.5238,1.5221,2.7899,,6599288.0219
398,2020-08-19,15.3497,15.266,1.6751,1.5494,1.5476,2.7439,,6710067.4372
399,2020-08-18,15.4221,15.338,1.683,1.5567,1.5549,2.731,,6741718.6986
400,2020-08-17,15.1506,15.068,1.6533,1.5293,1.5275,2.7799,,6623026.468
401,2020-08-14,14.6438,14.5639,1.598,1.4781,1.4764,2.8761,,6401467.6376
402,2020-08-13,14.5533,14.4739,1.5882,1.469,1.4673,2.894,,6361903.5607
403,2020-08-12,14.499,14.4199,1.5822,1.4635,1.4618,2.9049,,6338165.1146
404,2020-08-11,14.8248,14.7439,1.6178,1.4964,1.4947,2.841,,6480595.7913
405,2020-08-10,15.0601,14.9779,1.6435,1.5202,1.5184,2.7966,,6583462.3912
406,2020-08-07,14.8429,14.7619,1.6198,1.4982,1.4965,2.8375,,6488508.6067
407,2020-08-06,14.8248,14.7439,1.6178,1.4964,1.4947,2.841,,6480595.7913
408,2020-08-05,14.9973,14.9154,1.6366,1.5138,1.5121,2.8034,,6555985.9326
409,2020-08-04,15.2502,15.167,1.6642,1.5394,1.5376,2.7569,2.7569,6666568.8278
410,2020-08-03,15.3044,15.2209,1.6701,1.5448,1.5431,2.7471,2.7471,6690265.1625
411,2020-07-31,14.925,14.8436,1.6287,1.5065,1.5048,2.8226,2.8226,6524390.8196
412,2020-07-30,14.8888,14.8076,1.6248,1.5029,1.5012,2.8295,2.8295,6508593.2632
413,2020-07-29,15.1779,15.0951,1.6563,1.5321,1.5303,2.7756,2.7756,6634973.7149
414,2020-07-28,15.0334,14.9514,1.6405,1.5175,1.5157,2.8023,2.8023,6571783.489
415,2020-07-27,14.8527,14.7717,1.6208,1.4992,1.4975,2.8364,2.8364,6492795.7067
416,2020-07-24,14.8888,14.8076,1.6248,1.5029,1.5012,2.8295,2.8295,6508593.2632
417,2020-07-23,15.7019,15.6163,1.7135,1.585,1.5831,2.683,2.683,6864038.2836
418,2020-07-22,15.8646,15.778,1.7313,1.6014,1.5995,2.6555,2.6555,6935127.2877
419,2020-07-21,16.1175,16.0296,1.7589,1.6269,1.625,2.6138,2.6138,7045710.1829
420,2020-07-20,16.0995,16.0116,1.7569,1.6251,1.6232,2.6184,2.6184,7037811.4047
421,2020-07-17,14.7262,14.6459,1.607,1.4865,1.4848,2.8626,2.8626,6437504.2591
422,2020-07-16,14.5094,14.4302,1.5834,1.4646,1.4629,2.9054,2.9054,6342718.9203
423,2020-07-15,14.9069,14.8256,1.6267,1.5047,1.503,2.8279,2.8279,6516492.0414
424,2020-07-14,14.1299,14.0529,1.542,1.4263,1.4246,2.9834,2.9834,6176844.5774
425,2020-07-13,14.4913,14.4123,1.5814,1.4628,1.4611,2.909,2.909,6334820.1421
426,2020-07-10,13.9493,13.8732,1.5222,1.408,1.4064,3.0221,3.0221,6097856.7951
427,2020-07-09,13.9131,13.8372,1.5183,1.4044,1.4028,3.0299,3.0299,6082059.2386
428,2020-07-08,13.7866,13.7114,1.5045,1.3916,1.39,3.0577,3.0577,6026767.791
429,2020-07-07,13.871,13.7953,1.5137,1.4001,1.3985,3.0378,3.0378,6063642.167
430,2020-07-06,13.3111,13.2385,1.4526,1.3436,1.3421,3.1656,3.1656,5818885.7775
431,2020-07-03,13.0402,12.969,1.423,1.3163,1.3148,3.2313,3.2313,5700455.2664
432,2020-07-02,12.9499,12.8792,1.4132,1.3072,1.3057,3.2539,3.2539,5660978.4294
433,2020-07-01,12.4622,12.3942,1.36,1.2579,1.2565,3.3812,3.3812,5447803.5095
434,2020-06-30,11.6133,11.55,1.2673,1.1723,1.1709,3.6283,3.6283,5076721.2414
435,2020-06-29,11.216,11.1548,1.224,1.1321,1.1308,3.7569,3.7569,4903023.1585
436,2020-06-24,11.2882,11.2267,1.2319,1.1394,1.1381,3.7328,3.7328,4934604.6281
437,2020-06-23,11.3244,11.2626,1.2358,1.1431,1.1418,3.7209,3.7209,4950395.3629
438,2020-06-22,11.4147,11.3524,1.2456,1.1522,1.1509,3.6915,3.6915,4989872.2
439,2020-06-19,11.6133,11.55,1.2673,1.1723,1.1709,3.6283,3.6283,5076721.2414
440,2020-06-18,11.5772,11.5141,1.2634,1.1686,1.1673,3.6397,3.6397,5060930.5066
441,2020-06-17,11.5592,11.4961,1.2614,1.1668,1.1654,3.6454,3.6454,5053035.1392
442,2020-06-16,11.5953,11.532,1.2654,1.1704,1.1691,3.634,3.634,5068825.874
443,2020-06-15,11.0896,11.0291,1.2102,1.1194,1.1181,3.7997,3.7997,4847755.5867
444,2020-06-12,11.2882,11.2267,1.2319,1.1394,1.1381,3.7328,3.7328,4934604.6281
445,2020-06-11,11.5592,11.4961,1.2614,1.1668,1.1654,3.6454,3.6454,5053035.1392
446,2020-06-10,11.5411,11.4781,1.2594,1.165,1.1636,3.6511,3.6511,5045139.7718
447,2020-06-09,11.5953,11.532,1.2654,1.1704,1.1691,3.634,3.634,5068825.874
448,2020-06-08,11.4508,11.3883,1.2496,1.1558,1.1545,3.6798,3.6798,5005662.9348
449,2020-06-05,11.4689,11.4063,1.2516,1.1577,1.1563,3.6741,3.6741,5013558.3022
450,2020-06-04,11.5772,11.5141,1.2634,1.1686,1.1673,3.6397,3.6397,5060930.5066
451,2020-06-03,11.6856,11.6218,1.2752,1.1795,1.1782,3.6059,3.6059,5108302.711
452,2020-06-02,11.7578,11.6937,1.2831,1.1868,1.1855,3.5838,3.5838,5139884.1807
453,2020-06-01,11.797,11.7326,1.2874,1.1908,1.1894,3.5619,3.5619,5156994.8899
454,2020-05-29,11.4728,11.4102,1.252,1.1581,1.1567,3.675,3.675,5015275.9463
455,2020-05-28,11.5268,11.4639,1.2579,1.1635,1.1622,3.6578,3.6578,5038895.7702
456,2020-05-27,11.5628,11.4998,1.2618,1.1672,1.1658,3.6464,3.6464,5054642.3195
457,2020-05-26,11.7069,11.643,1.2775,1.1817,1.1803,3.6015,3.6015,5117628.5167
458,2020-05-25,11.6889,11.6251,1.2756,1.1799,1.1785,3.607,3.607,5109755.242
459,2020-05-22,11.5989,11.5356,1.2657,1.1708,1.1694,3.6351,3.6351,5070388.8688
460,2020-05-21,11.9591,11.8938,1.3051,1.2072,1.2058,3.5256,3.5256,5227854.3616
461,2020-05-20,12.3013,12.2342,1.3424,1.2417,1.2403,3.4275,3.4275,5377446.5798
462,2020-05-19,12.5174,12.4491,1.366,1.2635,1.2621,3.3683,3.3683,5471925.8755
463,2020-05-18,12.3733,12.3058,1.3503,1.249,1.2475,3.4075,3.4075,5408939.6784
464,2020-05-15,12.3193,12.2521,1.3444,1.2435,1.2421,3.4225,3.4225,5385319.8544
465,2020-05-14,12.3733,12.3058,1.3503,1.249,1.2475,3.4075,3.4075,5408939.6784
466,2020-05-13,12.6255,12.5566,1.3778,1.2744,1.2729,3.3395,3.3395,5519165.5233
467,2020-05-12,12.5534,12.4849,1.3699,1.2671,1.2657,3.3586,3.3586,5487672.4248
468,2020-05-11,12.5174,12.4491,1.366,1.2635,1.2621,3.3683,3.3683,5471925.8755
469,2020-05-08,12.4273,12.3595,1.3562,1.2544,1.253,3.3927,3.3927,5432559.5023
470,2020-05-07,12.0491,11.9834,1.3149,1.2162,1.2148,3.4992,3.4992,5267220.7348
471,2020-05-06,11.833,11.7684,1.2913,1.1944,1.193,3.5631,3.5631,5172741.4391
472,2020-04-30,11.5268,11.4639,1.2579,1.1635,1.1622,3.6578,3.6578,5038895.7702
473,2020-04-29,11.2026,11.2026,1.2602,1.1308,1.1308,3.7636,3.7636,4897176.8267
474,2020-04-28,11.1486,11.1486,1.2541,1.1253,1.1253,3.7819,3.7819,4873557.0028
475,2020-04-27,11.0946,11.0946,1.248,1.1199,1.1199,3.8003,3.8003,4849937.1789
476,2020-04-24,11.1486,11.1486,1.2541,1.1253,1.1253,3.7819,3.7819,4873557.0028
477,2020-04-23,11.1306,11.1306,1.2521,1.1235,1.1235,3.788,3.788,4865683.7281
478,2020-04-22,11.3827,11.3827,1.2804,1.149,1.149,3.7041,3.7041,4975909.5731
479,2020-04-21,11.4187,11.4187,1.2845,1.1526,1.1526,3.6924,3.6924,4991656.1224
480,2020-04-20,11.6349,11.6349,1.3088,1.1744,1.1744,3.6238,3.6238,5086135.4181
481,2020-04-17,11.5808,11.5808,1.3027,1.169,1.169,3.6407,3.6407,5062515.5942
482,2020-04-16,11.4728,11.4728,1.2906,1.1581,1.1581,3.675,3.675,5015275.9463
483,2020-04-15,11.5268,11.5268,1.2967,1.1635,1.1635,3.6578,3.6578,5038895.7702
484,2020-04-14,11.779,11.779,1.325,1.189,1.189,3.5795,3.5795,5149121.6152
485,2020-04-13,11.7069,11.7069,1.3169,1.1817,1.1817,3.6015,3.6015,5117628.5167
486,2020-04-10,11.2206,11.2206,1.2622,1.1326,1.1326,3.7576,3.7576,4905050.1013
487,2020-04-09,10.9865,10.9865,1.2359,1.109,1.109,3.8377,3.8377,4802697.531
488,2020-04-08,10.9865,10.9865,1.2359,1.109,1.109,3.8377,3.8377,4802697.531
489,2020-04-07,10.8784,10.8784,1.2237,1.0981,1.0981,3.8758,3.8758,4755457.8832
490,2020-04-03,10.3561,10.3561,1.165,1.0453,1.0453,4.0713,4.0713,4527132.9186
491,2020-04-02,10.194,10.194,1.1467,1.029,1.029,4.136,4.136,4456273.4468
492,2020-04-01,10.0679,10.0679,1.1325,1.0163,1.0163,4.1878,4.1878,4401160.5243
493,2020-03-31,10.2481,10.2481,1.1528,1.0344,1.0344,4.1142,4.1142,4479893.2707
494,2020-03-30,23.2317,11.1811,1.2398,1.6352,1.1905,3.9278,3.9278,4692471.686
495,2020-03-27,23.2317,11.1811,1.2398,1.6352,1.1905,3.9278,3.9278,4692471.686
496,2020-03-26,22.608,10.8809,1.2065,1.5913,1.1585,4.0362,4.0362,4566499.2918
497,2020-03-25,22.3742,10.7684,1.194,1.5748,1.1465,4.0783,4.0783,4519259.6439
498,2020-03-24,22.1403,10.6558,1.1815,1.5584,1.1346,4.1214,4.1214,4472019.9961
499,2020-03-23,21.9454,10.562,1.1711,1.5447,1.1246,4.158,4.158,4432653.6229
500,2020-03-20,21.7895,10.487,1.1628,1.5337,1.1166,4.1878,4.1878,4401160.5243
501,2020-03-19,21.2048,10.2056,1.1316,1.4925,1.0866,4.3033,4.3033,4283061.4047
502,2020-03-18,21.2438,10.2243,1.1337,1.4953,1.0886,4.2954,4.2954,4290934.6793
503,2020-03-17,21.6335,10.4119,1.1545,1.5227,1.1086,4.218,4.218,4369667.4258
504,2020-03-16,21.2048,10.2056,1.1316,1.4925,1.0866,4.3033,4.3033,4283061.4047
505,2020-03-13,22.608,10.8809,1.2065,1.5913,1.1585,4.0362,4.0362,4566499.2918
506,2020-03-12,23.1927,11.1623,1.2377,1.6325,1.1885,3.9344,3.9344,4684598.4114
507,2020-03-11,23.8944,11.5,1.2752,1.6818,1.2244,3.8189,3.8189,4826317.3549
508,2020-03-10,24.3231,11.7064,1.298,1.712,1.2464,3.7516,3.7516,4912923.376
509,2020-03-09,24.0892,11.5938,1.2856,1.6956,1.2344,3.788,3.788,4865683.7281
510,2020-03-06,25.4535,12.2504,1.3584,1.7916,1.3043,3.585,3.585,5141248.3406
511,2020-03-05,26.0772,12.5506,1.3916,1.8355,1.3363,3.4992,3.4992,5267220.7348
512,2020-03-04,26.0382,12.5318,1.3896,1.8327,1.3343,3.5045,3.5045,5259347.4602
513,2020-03-03,25.9213,12.4756,1.3833,1.8245,1.3283,3.5203,3.5203,5235727.6363
514,2020-03-02,26.3111,12.6632,1.4041,1.852,1.3483,3.4681,3.4681,5314460.3827
515,2020-02-28,24.479,11.7814,1.3064,1.723,1.2544,3.7277,3.7277,4944416.4745
516,2020-02-27,25.6484,12.3442,1.3688,1.8053,1.3143,3.5577,3.5577,5180614.7138
517,2020-02-26,24.635,11.8565,1.3147,1.734,1.2624,3.7041,3.7041,4975909.5731
518,2020-02-25,24.4401,11.7627,1.3043,1.7203,1.2524,3.7336,3.7336,4936543.1999
519,2020-02-24,24.9858,12.0253,1.3334,1.7587,1.2804,3.6521,3.6521,5046769.0449
520,2020-02-21,25.3366,12.1942,1.3521,1.7834,1.2984,3.6015,3.6015,5117628.5167
521,2020-02-20,25.0637,12.0628,1.3376,1.7642,1.2844,3.6407,3.6407,5062515.5942
522,2020-02-19,24.7519,11.9127,1.3209,1.7422,1.2684,3.6866,3.6866,4999529.397
523,2020-02-18,24.8299,11.9503,1.3251,1.7477,1.2724,3.675,3.675,5015275.9463
524,2020-02-17,24.9468,12.0065,1.3313,1.7559,1.2784,3.6578,3.6578,5038895.7702
525,2020-02-14,24.479,11.7814,1.3064,1.723,1.2544,3.7277,3.7277,4944416.4745
526,2020-02-13,24.479,11.7814,1.3064,1.723,1.2544,3.7277,3.7277,4944416.4745
527,2020-02-12,24.2062,11.6501,1.2918,1.7038,1.2404,3.7697,3.7697,4889303.5521
528,2020-02-11,24.3621,11.7251,1.3001,1.7148,1.2484,3.7456,3.7456,4920796.6506
529,2020-02-10,24.2452,11.6689,1.2939,1.7065,1.2424,3.7636,3.7636,4897176.8267
530,2020-02-07,23.2707,11.1999,1.2419,1.6379,1.1925,3.9212,3.9212,4700344.9607
531,2020-02-06,23.3097,11.2186,1.244,1.6407,1.1945,3.9147,3.9147,4708218.2353
532,2020-02-05,22.764,10.956,1.2148,1.6023,1.1665,4.0085,4.0085,4597992.3903
533,2020-02-04,22.764,10.956,1.2148,1.6023,1.1665,4.0085,4.0085,4597992.3903
534,2020-02-03,22.1013,10.6371,1.1795,1.5556,1.1326,4.1287,4.1287,4464146.7214
535,2020-01-23,24.557,11.8189,1.3105,1.7285,1.2584,3.7158,3.7158,4960163.0238
536,2020-01-22,25.9603,12.4943,1.3854,1.8273,1.3303,3.515,3.515,5243600.9109
537,2020-01-21,25.5315,12.288,1.3625,1.7971,1.3083,3.574,3.574,5156994.8899
538,2020-01-20,26.7398,12.8695,1.427,1.8821,1.3703,3.4125,3.4125,5401066.4037
539,2020-01-17,26.7788,12.8883,1.4291,1.8849,1.3723,3.4075,3.4075,5408939.6784
540,2020-01-16,25.9603,12.4943,1.3854,1.8273,1.3303,3.515,3.515,5243600.9109
541,2020-01-15,25.6484,12.3442,1.3688,1.8053,1.3143,3.5577,3.5577,5180614.7138
542,2020-01-14,25.9203,12.4751,1.3833,1.8244,1.3283,3.5204,3.5204,5235522.6181
543,2020-01-13,25.9203,12.4751,1.3833,1.8244,1.3283,3.5204,3.5204,5235522.6181
544,2020-01-10,25.9982,12.5126,1.3875,1.8299,1.3323,3.5099,3.5099,5251268.5508
545,2020-01-09,25.9203,12.4751,1.3833,1.8244,1.3283,3.5204,3.5204,5235522.6181
546,2020-01-08,25.5305,12.2875,1.3624,1.797,1.3083,3.5742,3.5742,5156792.9547
547,2020-01-07,26.0438,12.5345,1.3898,1.8331,1.3346,3.5054,3.5054,5260483.2051
548,2020-01-06,25.9269,12.4782,1.3835,1.8249,1.3286,3.5212,3.5212,5236858.2806
549,2020-01-03,26.6676,12.8348,1.4231,1.877,1.3666,3.4234,3.4234,5386482.8029
550,2020-01-02,26.7627,12.8805,1.4281,1.8837,1.3714,3.4084,3.4084,5405684.6648
551,2019-12-31,26.0225,12.5243,1.3886,1.8316,1.3335,2.9582,3.5054,5256182.4688
552,2019-12-30,25.633,12.3368,1.3678,1.8042,1.3135,3.0032,3.5587,5177497.1025
553,2019-12-27,25.4772,12.2618,1.3595,1.7933,1.3056,3.0216,3.5804,5146022.956
554,2019-12-26,25.3993,12.2243,1.3554,1.7878,1.3016,3.0308,3.5914,5130285.8828
555,2019-12-25,25.4382,12.2431,1.3575,1.7905,1.3036,3.0262,3.5859,5138154.4194
556,2019-12-24,25.0486,12.0556,1.3367,1.7631,1.2836,3.0732,3.6417,5059469.0531
557,2019-12-23,24.8928,11.9806,1.3284,1.7521,1.2756,3.0925,3.6645,5027994.9066
558,2019-12-20,24.9707,12.0181,1.3325,1.7576,1.2796,3.0828,3.653,5043731.9798
559,2019-12-19,25.2824,12.1681,1.3491,1.7795,1.2956,3.0448,3.608,5106680.2729
560,2019-12-18,25.1266,12.0931,1.3408,1.7686,1.2876,3.0637,3.6304,5075206.1264
561,2019-12-17,24.776,11.9243,1.3221,1.7439,1.2696,3.1071,3.6818,5004389.2967
562,2019-12-16,24.5422,11.8118,1.3096,1.7274,1.2576,3.1367,3.7168,4957178.0769
563,2019-12-13,24.6201,11.8493,1.3138,1.7329,1.2616,3.1267,3.7051,4972915.1502
564,2019-12-12,24.5033,11.7931,1.3076,1.7247,1.2556,3.1416,3.7227,4949309.5403
565,2019-12-11,24.8539,11.9618,1.3263,1.7494,1.2736,3.0973,3.6702,5020126.3699
566,2019-12-10,23.4515,11.2869,1.2514,1.6507,1.2017,3.2826,3.8897,4736859.0513
567,2019-12-09,23.4904,11.3056,1.2535,1.6534,1.2037,3.2771,3.8833,4744727.5879
568,2019-12-06,23.4515,11.2869,1.2514,1.6507,1.2017,3.2826,3.8897,4736859.0513
569,2019-12-05,23.5294,11.3244,1.2556,1.6562,1.2057,3.2717,3.8768,4752596.1245
570,2019-12-04,23.1788,11.1556,1.2369,1.6315,1.1878,3.3212,3.9355,4681779.2949
571,2019-12-03,23.3346,11.2306,1.2452,1.6424,1.1958,3.299,3.9092,4713253.4414
572,2019-12-02,23.2177,11.1744,1.239,1.6342,1.1898,3.3156,3.9289,4689647.8315
573,2019-11-29,23.1788,11.1556,1.2369,1.6315,1.1878,3.3227,3.9373,4681779.2949
574,2019-11-28,23.2956,11.2119,1.2431,1.6397,1.1938,3.306,3.9175,4705384.9047
575,2019-11-27,23.6073,11.3619,1.2598,1.6616,1.2097,3.2624,3.8658,4768333.1978
576,2019-11-26,23.8021,11.4556,1.2701,1.6754,1.2197,3.2357,3.8342,4807675.8809
577,2019-11-25,23.7631,11.4369,1.2681,1.6726,1.2177,3.241,3.8405,4799807.3443
578,2019-11-22,23.1009,11.1181,1.2327,1.626,1.1838,3.3339,3.9506,4666042.2216
579,2019-11-21,23.3346,11.2306,1.2452,1.6424,1.1958,3.3005,3.911,4713253.4414
580,2019-11-20,23.6073,11.3619,1.2598,1.6616,1.2097,3.2624,3.8658,4768333.1978
581,2019-11-19,23.9579,11.5306,1.2785,1.6863,1.2277,3.2147,3.8092,4839150.0275
582,2019-11-18,23.841,11.4744,1.2722,1.6781,1.2217,3.2304,3.8279,4815544.4176
583,2019-11-15,23.3346,11.2306,1.2452,1.6424,1.1958,3.3005,3.911,4713253.4414
584,2019-11-14,23.6031,11.3598,1.2597,1.6613,1.2095,3.2631,3.8667,4767483.5009
585,2019-11-13,23.0967,11.1161,1.2327,1.6257,1.1836,3.3346,3.9514,4665210.7526
586,2019-11-12,22.902,11.0224,1.2223,1.612,1.1736,3.363,3.985,4625875.0801
587,2019-11-11,22.5515,10.8537,1.2036,1.5873,1.1556,3.4153,4.047,4555070.8697
588,2019-11-08,23.2525,11.1911,1.241,1.6367,1.1916,3.3123,3.9249,4696679.2905
589,2019-11-07,23.681,11.3973,1.2639,1.6668,1.2135,3.2524,3.8539,4783217.7699
590,2019-11-06,23.5641,11.3411,1.2576,1.6586,1.2075,3.2685,3.873,4759616.3665
591,2019-11-05,23.0967,11.1161,1.2327,1.6257,1.1836,3.3346,3.9514,4665210.7526
592,2019-11-04,23.0967,11.1161,1.2327,1.6257,1.1836,3.3346,3.9514,4665210.7526
593,2019-11-01,23.0967,11.1161,1.2327,1.6257,1.1836,3.3346,3.9514,4665210.7526
594,2019-10-31,22.7857,10.9664,1.2161,1.6038,1.1676,3.3801,4.0053,4602378.497
595,2019-10-30,22.7467,12.3114,1.2418,1.6011,1.2679,3.3859,4.0122,4594511.1833
596,2019-10-29,23.1362,12.5222,1.263,1.6285,1.2896,3.3289,3.9447,4673184.32
597,2019-10-28,23.4478,12.6908,1.28,1.6504,1.3069,3.2847,3.8922,4736122.8293
598,2019-10-25,23.4089,12.6697,1.2779,1.6477,1.3048,3.2902,3.8987,4728255.5157
599,2019-10-24,22.8246,12.3535,1.246,1.6066,1.2722,3.3744,3.9985,4610245.8106
600,2019-10-23,23.2141,12.5643,1.2673,1.634,1.2939,3.3178,3.9314,4688918.9473
601,2019-10-22,23.1362,12.5222,1.263,1.6285,1.2896,3.3289,3.9447,4673184.32
602,2019-10-21,22.9415,12.4168,1.2524,1.6148,1.2787,3.3572,3.9781,4633847.7516
603,2019-10-18,23.1362,12.5222,1.263,1.6285,1.2896,3.3289,3.9447,4673184.32
604,2019-10-17,23.292,12.6065,1.2715,1.6394,1.2983,3.3067,3.9183,4704653.5747
605,2019-10-16,23.4478,12.6908,1.28,1.6504,1.3069,3.2847,3.8922,4736122.8293
606,2019-10-15,23.4868,12.7119,1.2822,1.6532,1.3091,3.2792,3.8858,4743990.143
607,2019-10-14,23.6815,12.8173,1.2928,1.6669,1.32,3.2523,3.8538,4783326.7114
608,2019-10-11,23.7205,12.8384,1.2949,1.6696,1.3221,3.2469,3.8475,4791194.025
609,2019-10-10,23.6036,12.7751,1.2885,1.6614,1.3156,3.263,3.8665,4767592.084
610,2019-10-09,23.4478,12.6908,1.28,1.6504,1.3069,3.2847,3.8922,4736122.8293
611,2019-10-08,23.3998,12.6648,1.2774,1.647,1.3043,3.2847,3.8922,4726424.3667
612,2019-09-30,22.156,11.9916,1.2095,1.5595,1.2349,3.4777,4.121,4475185.8622
613,2019-09-27,22.1171,11.9706,1.2074,1.5568,1.2328,3.4839,4.1282,4467334.6589
614,2019-09-26,22.156,11.9916,1.2095,1.5595,1.2349,3.4777,4.121,4475185.8622
615,2019-09-25,22.4669,12.1599,1.2265,1.5814,1.2523,3.4296,4.064,4537995.4883
616,2019-09-24,22.3892,12.1178,1.2222,1.5759,1.2479,3.4415,4.0781,4522293.0818
617,2019-09-23,22.3114,12.0758,1.218,1.5704,1.2436,3.4535,4.0923,4506590.6753
618,2019-09-20,22.9722,12.4334,1.2541,1.6169,1.2804,3.3542,3.9746,4640061.1308
619,2019-09-19,22.6224,12.2441,1.235,1.5923,1.2609,3.406,4.036,4569400.3014
620,2019-09-18,22.739,12.3072,1.2413,1.6005,1.2674,3.3886,4.0153,4592953.9112
621,2019-09-17,22.3892,12.1178,1.2222,1.5759,1.2479,3.4415,4.0781,4522293.0818
622,2019-09-16,22.7779,12.3282,1.2435,1.6033,1.2696,3.3828,4.0085,4600805.1145
623,2019-09-12,23.1277,12.5176,1.2626,1.6279,1.2891,3.3316,3.9478,4671465.9439
624,2019-09-11,23.2054,12.5596,1.2668,1.6334,1.2934,3.3205,3.9346,4687168.3504
625,2019-09-10,23.2054,12.5596,1.2668,1.6334,1.2934,3.3205,3.9346,4687168.3504
626,2019-09-09,23.05,12.4755,1.2583,1.6224,1.2848,3.3429,3.9612,4655763.5373
627,2019-09-06,23.2832,12.6017,1.271,1.6388,1.2978,3.3094,3.9215,4702870.7569
628,2019-09-05,23.0111,12.4545,1.2562,1.6197,1.2826,3.3485,3.9678,4647912.3341
629,2019-09-04,22.7001,12.2861,1.2392,1.5978,1.2653,3.3944,4.0222,4585102.7079
630,2019-09-03,22.5058,12.181,1.2286,1.5841,1.2544,3.4237,4.0569,4545846.6916
631,2019-09-02,22.0393,11.9285,1.2031,1.5513,1.2284,3.4961,4.1428,4451632.2524
632,2019-08-30,20.6012,15.7309,1.1154,1.45,1.3272,3.7402,4.432,4161137.7315
633,2019-08-29,20.8344,15.909,1.128,1.4665,1.3422,3.6983,4.3824,4208244.9511
634,2019-08-28,20.9899,16.0277,1.1364,1.4774,1.3522,3.671,4.3499,4239649.7642
635,2019-08-27,21.0676,16.087,1.1406,1.4829,1.3572,3.6574,4.3339,4255352.1707
636,2019-08-26,20.8344,15.909,1.128,1.4665,1.3422,3.6983,4.3824,4208244.9511
637,2019-08-23,21.5729,16.4729,1.168,1.5184,1.3898,3.5717,7.8041,4357417.8132
638,2019-08-22,21.1065,16.1167,1.1427,1.4856,1.3598,3.6507,7.9766,4263203.374
639,2019-08-21,21.1453,16.1464,1.1449,1.4884,1.3623,3.644,7.9619,4271054.5772
640,2019-08-20,21.4563,16.3839,1.1617,1.5102,1.3823,3.5911,7.8465,4333864.2034
641,2019-08-19,21.3397,16.2948,1.1554,1.502,1.3748,3.6108,7.8894,4310310.5936
642,2019-08-16,20.7955,15.8793,1.1259,1.4637,1.3397,3.7053,8.0959,4200393.7478
643,2019-08-15,20.7955,15.8793,1.1259,1.4637,1.3397,3.7053,8.0959,4200393.7478
644,2019-08-14,21.0287,16.0574,1.1385,1.4801,1.3547,3.6642,8.0061,4247500.9674
645,2019-08-13,21.0676,16.087,1.1406,1.4829,1.3572,3.6574,7.9913,4255352.1707
646,2019-08-12,21.534,16.4432,1.1659,1.5157,1.3873,3.5782,7.8182,4349566.6099
647,2019-08-09,20.8732,15.9386,1.1301,1.4692,1.3447,3.6915,8.0657,4216096.1544
648,2019-08-08,21.3008,16.2651,1.1533,1.4993,1.3723,3.6174,7.9038,4302459.3903
649,2019-08-07,21.1453,16.1464,1.1449,1.4884,1.3623,3.644,7.9619,4271054.5772
650,2019-08-06,21.2231,16.2058,1.1491,1.4938,1.3673,3.6306,7.9327,4286756.9838
651,2019-08-05,21.6118,16.5026,1.1701,1.5212,1.3923,3.5653,7.7901,4365269.0165
652,2019-08-02,23.1277,17.6601,1.1926,1.6279,1.49,3.3316,3.3316,4671465.9439
653,2019-08-01,23.8274,18.1944,1.2286,1.6771,1.535,3.2338,3.2338,4812787.6027
654,2019-07-31,23.9481,18.2865,1.2349,1.6856,1.5428,3.2128,3.2128,4837164.9708
655,2019-07-30,23.9092,18.2569,1.2329,1.6829,1.5403,3.218,3.218,4829325.1573
656,2019-07-29,23.754,18.1384,1.2249,1.672,1.5303,3.2391,3.2391,4797965.903
657,2019-07-26,25.0348,19.1164,1.2909,1.7621,1.6128,3.0782,3.0782,5056679.7507
658,2019-07-25,24.3362,18.5829,1.2549,1.7129,1.5678,3.1666,3.1666,4915563.1065
659,2019-07-24,24.5691,18.7607,1.2669,1.7293,1.5828,3.1366,3.1366,4962601.9879
660,2019-07-23,23.9092,18.2569,1.2329,1.6829,1.5403,3.2231,3.2231,4829325.1573
661,2019-07-22,23.8316,18.1976,1.2289,1.6774,1.5353,3.2336,3.2336,4813645.5301
662,2019-07-19,24.0403,18.357,1.2393,1.6921,1.5488,3.2052,3.2052,4855790.1862
663,2019-07-18,23.8072,18.179,1.2273,1.6757,1.5337,3.2365,3.2365,4808722.7531
664,2019-07-17,23.7296,18.1197,1.2233,1.6702,1.5287,3.255,3.255,4793033.6087
665,2019-07-16,23.7684,18.1494,1.2253,1.673,1.5312,3.2497,3.2497,4800878.1809
666,2019-07-15,22.9917,17.5562,1.1852,1.6183,1.4812,3.3595,3.3595,4643986.7371
667,2019-07-12,21.7489,16.6073,1.1212,1.5308,1.4011,3.5515,3.5515,4392960.427
668,2019-07-11,21.2051,16.1921,1.0931,1.4926,1.3661,3.6426,3.6426,4283136.4163
669,2019-07-10,21.1663,16.1624,1.0911,1.4898,1.3636,3.6492,3.6492,4275291.8441
670,2019-07-09,21.4759,16.3988,1.1071,1.5116,1.3836,3.59,3.59,4337826.699
671,2019-07-08,21.2821,16.2508,1.0971,1.498,1.3711,3.6226,3.6226,4298676.6385
672,2019-07-05,21.9023,16.7244,1.1291,1.5416,1.411,3.5201,3.5201,4423956.832
673,2019-07-04,21.8636,16.6948,1.1271,1.5389,1.4085,3.5263,3.5263,4416126.8199
674,2019-07-03,22.3675,17.0796,1.1531,1.5744,1.441,3.4469,3.4469,4517916.9771
675,2019-07-02,22.3675,17.0796,1.1531,1.5744,1.441,3.4469,3.4469,4517916.9771
676,2019-07-01,22.5613,17.2277,1.1631,1.588,1.4535,3.4172,3.4172,4557067.0375
677,2019-06-28,23.2841,17.7795,1.2003,1.6389,1.5,3.3092,3.3092,4703049.4753
678,2019-06-27,23.5165,17.957,1.2123,1.6553,1.515,3.2765,3.2765,4750001.7163
679,2019-06-26,23.2066,17.7204,1.1963,1.6334,1.495,3.3203,3.3203,4687398.7283
680,2019-06-25,23.1678,17.6908,1.1943,1.6307,1.4926,3.3258,3.3258,4679573.3548
681,2019-06-24,23.0904,17.6316,1.1903,1.6253,1.4876,3.337,3.337,4663922.6078
682,2019-06-21,23.0129,17.5724,1.1863,1.6198,1.4826,3.3506,3.3506,4648271.8608
683,2019-06-20,22.8192,17.4245,1.1764,1.6062,1.4701,3.3791,3.3791,4609144.9933
684,2019-06-19,22.238,16.9808,1.1464,1.5653,1.4327,3.4674,3.4674,4491764.3907
685,2019-06-18,22.0443,16.8329,1.1364,1.5516,1.4202,3.4978,3.4978,4452637.5232
686,2019-06-17,21.8894,16.7145,1.1284,1.5407,1.4102,3.5226,3.5226,4421336.0292
687,2019-06-14,21.5019,16.4187,1.1084,1.5135,1.3852,3.5861,3.5861,4343082.2942
688,2019-06-13,21.8119,16.6554,1.1244,1.5353,1.4052,3.5351,3.5351,4405685.2822
689,2019-06-12,21.1145,16.1229,1.0885,1.4862,1.3603,3.6519,3.6519,4264828.5591
690,2019-06-11,21.0725,16.0908,1.0863,1.4832,1.3576,3.6593,3.6593,4256342.6886
691,2019-06-10,20.259,15.4696,1.0444,1.426,1.3052,3.8062,3.8062,4092035.3421
692,2019-06-06,20.2203,15.4401,1.0424,1.4232,1.3027,3.8135,3.8135,4084211.1828
693,2019-06-05,20.4527,15.6175,1.0544,1.4396,1.3176,3.7702,3.7702,4131156.1389
694,2019-06-04,20.4527,15.6175,1.0544,1.4396,1.3176,3.7702,3.7702,4131156.1389
695,2019-06-03,20.5219,15.6704,1.0579,1.4445,1.3221,3.7559,3.7559,4145135.0059
696,2019-05-31,20.793,15.8773,1.0719,1.4635,1.3396,3.7088,3.7088,4199882.072
697,2019-05-30,20.4058,15.5817,1.0519,1.4363,1.3146,3.7792,3.7792,4121671.9775
698,2019-05-29,20.4058,15.5817,1.0519,1.4363,1.3146,3.7792,3.7792,4121671.9775
699,2019-05-28,20.7155,15.8182,1.0679,1.4581,1.3346,3.7226,3.7226,4184240.0531
700,2019-05-27,20.8704,15.9365,1.0759,1.469,1.3445,3.695,3.695,4215524.0909
701,2019-05-24,20.6768,15.7886,1.0659,1.4554,1.3321,3.7296,3.7296,4176419.0436
702,2019-05-23,19.9754,15.253,1.03,1.406,1.2869,3.8608,3.8608,4034743.0481
703,2019-05-22,20.2464,15.46,1.044,1.4251,1.3043,3.8091,3.8091,4089477.9344
704,2019-05-21,20.0528,15.3122,1.034,1.4115,1.2919,3.8459,3.8459,4050381.587
705,2019-05-20,19.7818,15.1052,1.02,1.3924,1.2744,3.8985,3.8985,3995646.7007
706,2019-05-17,19.8202,15.1345,1.022,1.3951,1.2769,3.891,3.891,4003387.6367
707,2019-05-16,20.5557,15.6961,1.0599,1.4468,1.3243,3.7518,3.7518,4151950.8498
708,2019-05-15,19.8202,15.1345,1.022,1.3951,1.2769,3.891,3.891,4003387.6367
709,2019-05-14,19.5879,14.9572,1.01,1.3787,1.2619,3.9372,3.9372,3956472.9379
710,2019-05-13,18.4265,14.0704,0.9501,1.297,1.1871,4.1853,4.1853,3721899.4435
711,2019-05-10,18.4653,14.0999,0.9521,1.2997,1.1896,4.1765,4.1765,3729718.56
712,2019-05-09,17.8072,13.5974,0.9182,1.2534,1.1472,4.3309,4.3309,3596793.5799
713,2019-05-08,18.3104,13.9817,0.9441,1.2888,1.1796,4.2118,4.2118,3698442.0941
714,2019-05-07,18.5814,14.1886,0.9581,1.3079,1.1971,4.1504,4.1504,3753175.9094
715,2019-05-06,18.1321,13.8455,0.9349,1.2763,1.1681,4.2478,4.2478,3662420.5638
716,2019-04-30,19.1373,14.6131,0.9868,1.347,1.2329,4.031,4.031,3865454.5397
717,2019-04-29,19.0986,19.0986,1.0098,1.3443,1.3443,4.0394,4.0394,3857645.5406
718,2019-04-26,18.7893,18.7893,0.9934,1.3225,1.3225,4.1059,4.1059,3795173.548
719,2019-04-25,19.0986,19.0986,1.0098,1.3443,1.3443,4.0394,4.0394,3857645.5406
720,2019-04-24,19.8718,19.8718,1.0507,1.3987,1.3987,3.8823,3.8823,4013825.522
721,2019-04-23,19.8718,19.8718,1.0507,1.3987,1.3987,3.8823,3.8823,4013825.522
722,2019-04-22,19.9492,19.9492,1.0547,1.4042,1.4042,3.8672,3.8672,4029443.5201
723,2019-04-19,20.5677,20.5677,1.0874,1.4477,1.4477,3.7509,3.7509,4154387.5052
724,2019-04-18,20.6064,20.6064,1.0895,1.4504,1.4504,3.7439,3.7439,4162196.5043
725,2019-04-17,20.7997,20.7997,1.0997,1.464,1.464,3.7091,3.7091,4201241.4997
726,2019-04-16,20.6451,20.6451,1.0915,1.4531,1.4531,3.7369,3.7369,4170005.5034
727,2019-04-15,20.2584,20.2584,1.0711,1.4259,1.4259,3.8082,3.8082,4091915.5127
728,2019-04-12,20.6837,20.6837,1.0936,1.4559,1.4559,3.7299,3.7299,4177814.5025
729,2019-04-11,20.9157,20.9157,1.1058,1.4722,1.4722,3.6885,3.6885,4224668.4969
730,2019-04-10,21.341,21.341,1.1283,1.5021,1.5021,3.615,3.615,4310567.4866
731,2019-04-09,21.0703,21.0703,1.114,1.4831,1.4831,3.6614,3.6614,4255904.4932
732,2019-04-08,21.1476,21.1476,1.1181,1.4885,1.4885,3.6481,3.6481,4271522.4913
733,2019-04-04,19.5227,19.5227,1.0322,1.3741,1.3741,3.9515,3.9515,3943310.9997
734,2019-04-03,19.3294,19.3294,1.022,1.3605,1.3605,3.991,3.991,3904268.3165
735,2019-04-02,18.0537,18.0537,0.9546,1.2707,1.2707,4.273,4.273,3646586.6076
736,2019-04-01,17.8991,17.8991,0.9464,1.2599,1.2599,4.3099,4.3099,3615352.4611
737,2019-03-29,26.2645,25.8652,0.9322,1.5031,1.3227,4.4542,4.4542,3498224.4116
738,2019-03-28,25.6782,25.2879,0.9114,1.4696,1.2932,4.5559,4.5559,3420139.0453
739,2019-03-27,26.2645,25.8652,0.9322,1.5031,1.3227,4.4542,4.4542,3498224.4116
740,2019-03-26,26.0299,25.6343,0.9239,1.4897,1.3109,4.4943,4.4943,3466990.2651
741,2019-03-25,26.5576,26.1539,0.9426,1.5199,1.3375,4.405,4.405,3537267.0947
742,2019-03-22,26.7921,26.3849,0.9509,1.5333,1.3493,4.3665,4.3665,3568501.2413
743,2019-03-21,26.7335,26.3271,0.9489,1.53,1.3463,4.3761,4.3761,3560692.7046
744,2019-03-20,26.7921,26.3849,0.9509,1.5333,1.3493,4.3665,4.3665,3568501.2413
745,2019-03-19,26.5576,26.1539,0.9426,1.5199,1.3375,4.405,4.405,3537267.0947
746,2019-03-18,27.1438,26.7313,0.9634,1.5535,1.367,4.3099,4.3099,3615352.4611
747,2019-03-15,26.2645,25.8652,0.9322,1.5031,1.3227,4.4542,4.4542,3498224.4116
748,2019-03-14,24.9161,24.5373,0.8844,1.426,1.2548,4.6953,4.6953,3318628.069
749,2019-03-13,25.1506,24.7683,0.8927,1.4394,1.2666,4.6515,4.6515,3349862.2156
750,2019-03-12,25.5609,25.1724,0.9072,1.4629,1.2873,4.5768,4.5768,3404521.972
751,2019-03-11,25.1506,24.7683,0.8927,1.4394,1.2666,4.6515,4.6515,3349862.2156
752,2019-03-08,24.447,24.0755,0.8677,1.3991,1.2312,4.7853,4.7853,3256159.776
753,2019-03-07,25.7368,25.3456,0.9135,1.4729,1.2961,4.5455,4.5455,3427947.5819
754,2019-03-06,25.8541,25.4611,0.9176,1.4796,1.302,4.5249,4.5249,3443564.6552
755,2019-03-05,25.6782,25.2879,0.9114,1.4696,1.2932,4.5559,4.5559,3420139.0453
756,2019-03-04,25.2678,24.8837,0.8968,1.4461,1.2725,4.6299,4.6299,3365479.2888
757,2019-03-01,24.7988,24.4219,0.8802,1.4193,1.2489,4.7175,4.7175,3303010.9958
758,2019-02-28,24.6229,24.2487,0.8739,1.4092,1.24,4.7512,4.7512,3279585.3859
759,2019-02-27,24.5643,24.1909,0.8719,1.4058,1.2371,4.7625,4.7625,3271776.8492
760,2019-02-26,24.7402,24.3641,0.8781,1.4159,1.2459,4.7286,4.7286,3295202.4591
761,2019-02-25,24.9161,24.5373,0.8844,1.426,1.2548,4.6953,4.6953,3318628.069
762,2019-02-22,24.0367,23.6713,0.8531,1.3756,1.2105,4.867,4.867,3201500.0195
763,2019-02-21,23.6849,23.3249,0.8407,1.3555,1.1928,4.9393,4.9393,3154648.7997
764,2019-02-20,23.6849,23.3249,0.8407,1.3555,1.1928,4.9393,4.9393,3154648.7997
765,2019-02-19,23.6849,23.3249,0.8407,1.3555,1.1928,4.9393,4.9393,3154648.7997
766,2019-02-18,23.8608,23.4981,0.8469,1.3656,1.2016,4.9029,4.9029,3178074.4096
767,2019-02-15,23.1573,22.8053,0.8219,1.3253,1.1662,5.0519,5.0519,3084371.97
768,2019-02-14,23.2745,22.9208,0.8261,1.332,1.1721,5.0264,5.0264,3099989.0433
769,2019-02-13,23.04,22.6898,0.8178,1.3186,1.1603,5.0776,5.0776,3068754.8968
770,2019-02-12,22.6883,22.3434,0.8053,1.2985,1.1426,5.1563,5.1563,3021903.677
771,2019-02-11,22.571,22.2279,0.8011,1.2918,1.1367,5.1831,5.1831,3006286.6037
772,2019-02-01,21.9848,21.6506,0.7803,1.2582,1.1072,5.3213,5.3213,2928201.2374
773,2019-01-31,21.8089,21.4774,0.7741,1.2481,1.0983,5.3642,5.3642,2904775.6275
774,2019-01-30,21.6916,21.3619,0.7699,1.2414,1.0924,5.3932,5.3932,2889158.5542
775,2019-01-29,21.8675,21.5351,0.7761,1.2515,1.1013,5.3498,5.3498,2912584.1641
776,2019-01-28,21.633,21.3042,0.7678,1.2381,1.0894,5.4078,5.4078,2881350.0176
777,2019-01-25,21.9261,21.5929,0.7782,1.2548,1.1042,5.3355,5.3355,2920392.7007
778,2019-01-24,21.8089,21.4774,0.7741,1.2481,1.0983,5.3642,5.3642,2904775.6275
779,2019-01-23,21.5744,21.2464,0.7657,1.2347,1.0865,5.4225,5.4225,2873541.4809
780,2019-01-22,21.6916,21.3619,0.7699,1.2414,1.0924,5.3932,5.3932,2889158.5542
781,2019-01-21,21.633,21.3042,0.7678,1.2381,1.0894,5.4078,5.4078,2881350.0176
782,2019-01-18,21.6916,21.3619,0.7699,1.2414,1.0924,5.3932,5.3932,2889158.5542
783,2019-01-17,21.5157,21.1887,0.7637,1.2314,1.0835,5.4373,5.4373,2865732.9443
784,2019-01-16,21.4571,21.131,0.7616,1.228,1.0806,5.4521,5.4521,2857924.4077
785,2019-01-15,21.4571,21.131,0.7616,1.228,1.0806,5.4521,5.4521,2857924.4077
786,2019-01-14,21.3985,21.0732,0.7595,1.2247,1.0776,5.4671,5.4671,2850115.871
787,2019-01-11,21.2812,20.9578,0.7553,1.2179,1.0717,5.4972,5.4972,2834498.7978
788,2019-01-10,21.2226,20.9,0.7533,1.2146,1.0688,5.5124,5.5124,2826690.2611
789,2019-01-09,21.3399,21.0155,0.7574,1.2213,1.0747,5.4821,5.4821,2842307.3344
790,2019-01-08,21.2812,20.9578,0.7553,1.2179,1.0717,5.4972,5.4972,2834498.7978
791,2019-01-07,21.164,20.8423,0.7512,1.2112,1.0658,5.5277,5.5277,2818881.7245
792,2019-01-04,20.8709,20.5536,0.7408,1.1945,1.0511,5.6053,5.6053,2779839.0413
793,2019-01-03,20.6364,20.3227,0.7325,1.181,1.0393,5.669,5.669,2748604.8948
794,2019-01-02,20.3432,20.034,0.722,1.1643,1.0245,5.7507,5.7507,2709562.2117
795,2018-12-28,20.8709,20.5536,0.7408,1.1945,1.0511,4.0932,5.6053,2779839.0413
796,2018-12-27,20.9881,20.6691,0.7449,1.2012,1.057,4.0704,5.574,2795456.1146
797,2018-12-26,20.9881,20.6691,0.7449,1.2012,1.057,4.0704,5.574,2795456.1146
798,2018-12-25,21.164,20.8423,0.7512,1.2112,1.0658,4.0365,5.5277,2818881.7245
799,2018-12-24,21.5157,21.1887,0.7637,1.2314,1.0835,3.9705,5.4373,2865732.9443
800,2018-12-21,21.3985,21.0732,0.7595,1.2247,1.0776,3.9923,5.4671,2850115.871
801,2018-12-20,21.164,20.8423,0.7512,1.2112,1.0658,4.0365,5.5277,2818881.7245
802,2018-12-19,21.3985,21.0732,0.7595,1.2247,1.0776,3.9923,5.4671,2850115.871
803,2018-12-18,21.3399,21.0155,0.7574,1.2213,1.0747,4.0033,5.4821,2842307.3344
804,2018-12-17,21.6916,21.3619,0.7699,1.2414,1.0924,3.9383,5.3932,2889158.5542
805,2018-12-14,21.5157,21.1887,0.7637,1.2314,1.0835,3.9705,5.4373,2865732.9443
806,2018-12-13,21.7502,21.4197,0.772,1.2448,1.0954,3.9277,5.3787,2896967.0908
807,2018-12-12,21.3399,21.0155,0.7574,1.2213,1.0747,4.0033,5.4821,2842307.3344
808,2018-12-11,21.2226,20.9,0.7533,1.2146,1.0688,4.0254,5.5124,2826690.2611
809,2018-12-10,21.2812,20.9578,0.7553,1.2179,1.0717,4.0143,5.4972,2834498.7978
810,2018-12-07,21.8089,21.4774,0.7741,1.2481,1.0983,3.9172,5.3642,2904775.6275
811,2018-12-06,21.3985,21.0732,0.7595,1.2247,1.0776,3.9923,5.4671,2850115.871
812,2018-12-05,21.8675,21.5351,0.7761,1.2515,1.1013,3.9067,5.3498,2912584.1641
813,2018-12-04,21.9848,21.6506,0.7803,1.2582,1.1072,3.8858,5.3213,2928201.2374
814,2018-12-03,21.5744,21.2464,0.7657,1.2347,1.0865,3.9597,5.4225,2873541.4809
815,2018-11-30,20.8122,20.4959,0.7387,1.1911,1.0481,4.1048,5.6211,2772030.5047
816,2018-11-29,20.8763,20.559,0.7409,1.1948,1.0513,4.0919,5.6035,2780565.9221
817,2018-11-28,21.1695,20.8478,0.7513,1.2115,1.0661,4.0352,5.5259,2819618.8143
818,2018-11-27,21.0522,20.7323,0.7471,1.2048,1.0602,4.0577,5.5567,2803997.6574
819,2018-11-26,20.935,20.6168,0.743,1.1981,1.0543,4.0805,5.5878,2788376.5006
820,2018-11-23,20.8763,20.559,0.7409,1.1948,1.0513,4.0919,5.6035,2780565.9221
821,2018-11-22,21.6973,21.3675,0.77,1.2418,1.0927,3.9371,5.3915,2889914.0202
822,2018-11-21,21.4627,21.1365,0.7617,1.2283,1.0809,3.9801,5.4504,2858671.7065
823,2018-11-20,21.5214,21.1943,0.7638,1.2317,1.0838,3.9693,5.4356,2866482.2849
824,2018-11-19,21.9319,21.5985,0.7783,1.2552,1.1045,3.895,5.3338,2921156.3339
825,2018-11-16,21.8732,21.5408,0.7763,1.2518,1.1015,3.9054,5.3481,2913345.7555
826,2018-11-15,21.7559,21.4253,0.7721,1.2451,1.0956,3.9265,5.377,2897724.5986
827,2018-11-14,21.2868,20.9633,0.7555,1.2183,1.072,4.013,5.4955,2835239.9712
828,2018-11-13,21.1695,20.8478,0.7513,1.2115,1.0661,4.0352,5.5259,2819618.8143
829,2018-11-12,20.8763,20.559,0.7409,1.1948,1.0513,4.0919,5.6035,2780565.9221
830,2018-11-09,19.9381,19.635,0.7076,1.1411,1.0041,4.2845,5.8672,2655596.6672
831,2018-11-08,20.1247,19.8188,0.7149,1.1518,1.0135,4.2469,5.8158,2680456.1098
832,2018-11-07,20.1247,19.8188,0.7149,1.1518,1.0135,4.2469,5.8158,2680456.1098
833,2018-11-06,20.2417,19.934,0.7191,1.1584,1.0194,4.2224,5.7822,2696040.157
834,2018-11-05,20.2417,19.934,0.7191,1.1584,1.0194,4.2224,5.7822,2696040.157
835,2018-11-02,20.1832,19.8764,0.717,1.1551,1.0164,4.2346,5.7989,2688248.1334
836,2018-11-01,19.8322,19.5307,0.7045,1.135,0.9988,4.3096,5.9016,2641495.9919
837,2018-10-31,19.5397,19.2427,0.6941,1.1183,0.984,4.3741,5.9899,2602535.8741
838,2018-10-30,19.3057,24.1538,0.6954,1.1049,1.0203,4.4271,6.0625,2571367.7798
839,2018-10-29,19.0717,23.861,0.687,1.0915,1.0079,4.4814,6.1369,2540199.6855
840,2018-10-26,19.4227,24.3002,0.6996,1.1116,1.0264,4.4004,6.026,2586951.8269
841,2018-10-25,19.3642,24.227,0.6975,1.1082,1.0234,4.4137,6.0442,2579159.8033
842,2018-10-24,19.4227,24.3002,0.6996,1.1116,1.0264,4.4004,6.026,2586951.8269
843,2018-10-23,19.3642,24.227,0.6975,1.1082,1.0234,4.4137,6.0442,2579159.8033
844,2018-10-22,19.6567,24.5929,0.708,1.125,1.0388,4.348,5.9543,2618119.9212
845,2018-10-19,19.0132,23.7878,0.6849,1.0881,1.0048,4.4952,6.1558,2532407.6619
846,2018-10-18,18.7206,23.4218,0.6743,1.0714,0.9893,4.5655,6.252,2493447.544
847,2018-10-17,19.0717,23.861,0.687,1.0915,1.0079,4.4814,6.1369,2540199.6855
848,2018-10-16,19.0132,23.7878,0.6849,1.0881,1.0048,4.4952,6.1558,2532407.6619
849,2018-10-15,19.0132,23.7878,0.6849,1.0881,1.0048,4.4952,6.1558,2532407.6619
850,2018-10-12,19.3057,24.1538,0.6954,1.1049,1.0203,4.4271,6.0625,2571367.7798
851,2018-10-11,19.5397,24.4465,0.7038,1.1183,1.0326,4.3741,5.9899,2602535.8741
852,2018-10-10,21.2947,26.6423,0.767,1.2187,1.1254,4.0136,5.4962,2836296.5813
853,2018-10-09,21.2362,26.5691,0.7649,1.2154,1.1223,4.0246,5.5114,2828504.5577
854,2018-10-08,21.2362,26.5691,0.7649,1.2154,1.1223,4.0246,5.5114,2828504.5577
855,2018-09-28,21.8798,27.3743,0.7881,1.2522,1.1563,3.9063,5.3493,2914216.8171
856,2018-09-27,21.8213,27.3011,0.786,1.2488,1.1532,3.9167,5.3636,2906424.7935
857,2018-09-26,21.8798,27.3743,0.7881,1.2522,1.1563,3.9063,5.3493,2914216.8171
858,2018-09-25,21.8798,27.3743,0.7881,1.2522,1.1563,3.9063,5.3493,2914216.8171
859,2018-09-21,22.0025,27.5278,0.7925,1.2592,1.1628,3.8843,5.3191,2930562.0762
860,2018-09-20,21.7099,27.1617,0.7819,1.2425,1.1473,3.9366,5.3908,2891591.8358
861,2018-09-19,21.7684,27.235,0.784,1.2458,1.1504,3.926,5.3763,2899385.8839
862,2018-09-18,21.5343,26.9421,0.7756,1.2324,1.138,3.9687,5.4348,2868209.6916
863,2018-09-17,21.3003,26.6493,0.7672,1.219,1.1257,4.0123,5.4945,2837033.4993
864,2018-09-14,21.6514,27.0885,0.7798,1.2391,1.1442,3.9473,5.4054,2883797.7878
865,2018-09-13,21.7684,27.235,0.784,1.2458,1.1504,3.926,5.3763,2899385.8839
866,2018-09-12,21.7099,27.1617,0.7819,1.2425,1.1473,3.9366,5.3908,2891591.8358
867,2018-09-11,21.7684,27.235,0.784,1.2458,1.1504,3.926,5.3763,2899385.8839
868,2018-09-10,21.5929,27.0153,0.7777,1.2358,1.1411,3.9579,5.4201,2876003.7397
869,2018-09-07,21.7684,27.235,0.784,1.2458,1.1504,3.926,5.3763,2899385.8839
870,2018-09-06,21.8269,27.3082,0.7861,1.2492,1.1535,3.9155,5.3619,2907179.932
871,2018-09-05,22.061,27.601,0.7946,1.2626,1.1659,3.874,5.305,2938356.1243
872,2018-09-04,22.4706,28.1135,0.8093,1.286,1.1875,3.8033,5.2083,2992914.4608
873,2018-09-03,22.4121,28.0403,0.8072,1.2827,1.1844,3.8133,5.2219,2985120.4127
874,2018-08-31,22.6462,28.3331,0.8156,1.2961,1.1968,3.7739,5.168,3016296.605
875,2018-08-30,22.8802,18.7638,0.8347,1.3095,1.2511,3.7352,5.1151,3047472.7973
876,2018-08-29,23.1728,19.0038,0.8454,1.3262,1.2671,3.6881,5.0505,3086443.0377
877,2018-08-28,23.2313,19.0518,0.8475,1.3295,1.2703,3.6788,5.0378,3094237.0858
878,2018-08-27,23.3484,19.1478,0.8518,1.3362,1.2767,3.6604,5.0125,3109825.1819
879,2018-08-24,23.1143,18.9558,0.8432,1.3228,1.2639,3.6974,8.7607,3078648.9896
880,2018-08-23,24.2261,19.8676,0.8476,1.3865,1.3247,3.5277,3.5277,3226735.9031
881,2018-08-22,24.1091,19.7716,0.8435,1.3798,1.3183,3.5449,3.5449,3211147.8069
882,2018-08-21,24.1676,19.8196,0.8456,1.3831,1.3215,3.5363,3.5363,3218941.855
883,2018-08-20,24.0506,19.7236,0.8415,1.3764,1.3151,3.5535,3.5535,3203353.7588
884,2018-08-17,23.758,19.4837,0.8312,1.3597,1.2991,3.5972,3.5972,3164383.5185
885,2018-08-16,23.9921,19.6756,0.8394,1.3731,1.3119,3.5622,3.5622,3195559.7108
886,2018-08-15,24.1091,19.7716,0.8435,1.3798,1.3183,3.5449,3.5449,3211147.8069
887,2018-08-14,24.4017,20.0116,0.8538,1.3965,1.3343,3.5024,3.5024,3250118.0473
888,2018-08-13,24.4602,20.0596,0.8558,1.3999,1.3375,3.494,3.494,3257912.0954
889,2018-08-10,24.4017,20.0116,0.8538,1.3965,1.3343,3.5024,3.5024,3250118.0473
890,2018-08-09,24.4017,20.0116,0.8538,1.3965,1.3343,3.5024,3.5024,3250118.0473
891,2018-08-08,24.1676,19.8196,0.8456,1.3831,1.3215,3.5363,3.5363,3218941.855
892,2018-08-07,24.3432,19.9636,0.8517,1.3932,1.3311,3.5108,3.5108,3242323.9992
893,2018-08-06,23.4654,19.2437,0.821,1.3429,1.2831,3.6421,3.6421,3125413.2781
894,2018-08-03,23.641,19.3877,0.8271,1.353,1.2927,3.6151,3.6151,3148795.4223
895,2018-08-02,23.875,19.5797,0.8353,1.3664,1.3055,3.5796,3.5796,3179971.6146
896,2018-08-01,24.1676,19.8196,0.8456,1.3831,1.3215,3.5363,3.5363,3218941.855
897,2018-07-31,24.4602,20.0596,0.8558,1.3999,1.3375,3.494,3.494,3257912.0954
898,2018-07-30,24.2846,19.9156,0.8497,1.3898,1.3279,3.5192,3.5192,3234529.9511
899,2018-07-27,24.4017,20.0116,0.8538,1.3965,1.3343,3.5024,3.5024,3250118.0473
900,2018-07-26,24.3432,19.9636,0.8517,1.3932,1.3311,3.5108,3.5108,3242323.9992
901,2018-07-25,24.5187,20.1076,0.8579,1.4032,1.3407,3.4856,3.4856,3265706.1434
902,2018-07-24,24.2846,19.9156,0.8497,1.3898,1.3279,3.5192,3.5192,3234529.9511
903,2018-07-23,23.8165,19.5317,0.8333,1.363,1.3023,3.5884,3.5884,3172177.5665
904,2018-07-20,23.5239,19.2917,0.823,1.3463,1.2863,3.633,3.633,3133207.3262
905,2018-07-19,23.4654,19.2437,0.821,1.3429,1.2831,3.6421,3.6421,3125413.2781
906,2018-07-18,23.4654,19.2437,0.821,1.3429,1.2831,3.6421,3.6421,3125413.2781
907,2018-07-17,23.4654,19.2437,0.821,1.3429,1.2831,3.6421,3.6421,3125413.2781
908,2018-07-16,23.5824,19.3397,0.8251,1.3496,1.2895,3.624,3.624,3141001.3742
909,2018-07-13,23.5239,19.2917,0.823,1.3463,1.2863,3.633,3.633,3133207.3262
910,2018-07-12,23.5824,19.3397,0.8251,1.3496,1.2895,3.624,3.624,3141001.3742
911,2018-07-11,23.2899,19.0998,0.8149,1.3329,1.2735,3.6696,3.6696,3102031.1339
912,2018-07-10,23.5824,19.3397,0.8251,1.3496,1.2895,3.624,3.624,3141001.3742
913,2018-07-09,23.641,19.3877,0.8271,1.353,1.2927,3.6151,3.6151,3148795.4223
914,2018-07-06,23.2899,19.0998,0.8149,1.3329,1.2735,3.6696,3.6696,3102031.1339
915,2018-07-05,23.641,19.3877,0.8271,1.353,1.2927,3.6151,3.6151,3148795.4223
916,2018-07-04,23.6995,19.4357,0.8292,1.3563,1.2959,3.6061,3.6061,3156589.4704
917,2018-07-03,23.9335,19.6277,0.8374,1.3697,1.3087,3.5709,3.5709,3187765.6627
918,2018-07-02,23.758,19.4837,0.8312,1.3597,1.2991,3.5972,3.5972,3164383.5185
919,2018-06-29,24.0506,19.7236,0.8415,1.3764,1.3151,3.5535,3.5535,3203353.7588
920,2018-06-28,23.641,19.3877,0.8271,1.353,1.2927,3.6151,3.6151,3148795.4223
921,2018-06-27,23.8165,19.5317,0.8333,1.363,1.3023,3.5884,3.5884,3172177.5665
922,2018-06-26,23.875,19.5797,0.8353,1.3664,1.3055,3.5796,3.5796,3179971.6146
923,2018-06-25,23.9335,19.6277,0.8374,1.3697,1.3087,3.5709,3.5709,3187765.6627
924,2018-06-22,23.9335,19.6277,0.8374,1.3697,1.3087,3.5709,3.5709,3187765.6627
925,2018-06-21,23.5824,19.3397,0.8251,1.3496,1.2895,3.624,3.624,3141001.3742
926,2018-06-20,23.641,19.3877,0.8271,1.353,1.2927,3.6151,3.6151,3148795.4223
927,2018-06-19,23.5239,19.2917,0.823,1.3463,1.2863,3.633,3.633,3133207.3262
928,2018-06-15,24.3432,19.9636,0.8517,1.3932,1.3311,3.5108,3.5108,3242323.9992
929,2018-06-14,24.4017,20.0116,0.8538,1.3965,1.3343,3.5024,3.5024,3250118.0473
930,2018-06-13,24.4017,20.0116,0.8538,1.3965,1.3343,3.5024,3.5024,3250118.0473
931,2018-06-12,24.6358,20.2035,0.862,1.4099,1.3471,3.4691,3.4691,3281294.2396
932,2018-06-11,24.0506,19.7236,0.8415,1.3764,1.3151,3.5535,3.5535,3203353.7588
933,2018-06-08,24.2261,19.8676,0.8476,1.3865,1.3247,3.5277,3.5277,3226735.9031
934,2018-06-07,24.6358,20.2035,0.862,1.4099,1.3471,3.4691,3.4691,3281294.2396
935,2018-06-06,24.5772,20.1555,0.8599,1.4066,1.3439,3.4773,3.4773,3273500.1915
936,2018-06-05,24.5772,20.1555,0.8599,1.4066,1.3439,3.4773,3.4773,3273500.1915
937,2018-06-04,24.6358,20.2035,0.862,1.4099,1.3471,3.4691,3.4691,3281294.2396
938,2018-06-01,24.6358,20.2035,0.862,1.4099,1.3471,3.4691,3.4691,3281294.2396
939,2018-05-31,24.4017,20.0116,0.8538,1.3965,1.3343,3.5024,3.5024,3250118.0473
940,2018-05-30,23.9335,19.6277,0.8374,1.3697,1.3087,3.5709,3.5709,3187765.6627
941,2018-05-29,24.4602,20.0596,0.8558,1.3999,1.3375,3.494,3.494,3257912.0954
942,2018-05-28,24.6358,20.2035,0.862,1.4099,1.3471,3.4691,3.4691,3281294.2396
943,2018-05-25,24.8113,20.3475,0.8681,1.42,1.3567,3.4445,3.4445,3304676.3838
944,2018-05-24,24.8698,20.3955,0.8701,1.4233,1.3599,3.4364,3.4364,3312470.4319
945,2018-05-23,24.9869,20.4915,0.8742,1.43,1.3663,3.4203,3.4203,3328058.528
946,2018-05-22,25.2209,20.6834,0.8824,1.4434,1.3791,3.3886,3.3886,3359234.7203
947,2018-05-21,25.2209,20.6834,0.8824,1.4434,1.3791,3.3886,3.3886,3359234.7203
948,2018-05-18,25.1039,20.5874,0.8783,1.4367,1.3727,3.4044,3.4044,3343646.6242
949,2018-05-17,24.9283,20.4435,0.8722,1.4267,1.3631,3.4284,3.4284,3320264.48
950,2018-05-16,25.0454,20.5395,0.8763,1.4334,1.3695,3.4123,3.4123,3335852.5761
951,2018-05-15,25.2794,20.7314,0.8845,1.4468,1.3823,3.3807,3.3807,3367028.7684
952,2018-05-14,24.8113,20.3475,0.8681,1.42,1.3567,3.4445,3.4445,3304676.3838
953,2018-05-11,24.8113,20.3475,0.8681,1.42,1.3567,3.4445,3.4445,3304676.3838
954,2018-05-10,24.9869,20.4915,0.8742,1.43,1.3663,3.4203,3.4203,3328058.528
955,2018-05-09,24.8698,20.3955,0.8701,1.4233,1.3599,3.4364,3.4364,3312470.4319
956,2018-05-08,24.8113,20.3475,0.8681,1.42,1.3567,3.4445,3.4445,3304676.3838
957,2018-05-07,24.9283,20.4435,0.8722,1.4267,1.3631,3.4284,3.4284,3320264.48
958,2018-05-04,24.7528,20.2995,0.866,1.4166,1.3535,3.4527,3.4527,3296882.3357
959,2018-05-03,24.7528,20.2995,0.866,1.4166,1.3535,3.4527,3.4527,3296882.3357
960,2018-05-02,24.6358,20.2035,0.862,1.4099,1.3471,3.4691,3.4691,3281294.2396
961,2018-04-27,24.5772,24.5772,0.8711,1.4066,1.4066,3.4773,3.4773,3273500.1915
962,2018-04-26,24.3432,24.3432,0.8628,1.3932,1.3932,3.5108,3.5108,3242323.9992
963,2018-04-25,24.4602,24.4602,0.867,1.3999,1.3999,3.494,3.494,3257912.0954
964,2018-04-24,24.4602,24.4602,0.867,1.3999,1.3999,3.494,3.494,3257912.0954
965,2018-04-23,24.2261,24.2261,0.8587,1.3865,1.3865,3.5277,3.5277,3226735.9031
966,2018-04-20,24.2261,24.2261,0.8587,1.3865,1.3865,3.5277,3.5277,3226735.9031
967,2018-04-19,24.4017,24.4017,0.8649,1.3965,1.3965,3.5024,3.5024,3250118.0473
968,2018-04-18,24.3432,24.3432,0.8628,1.3932,1.3932,3.5108,3.5108,3242323.9992
969,2018-04-17,24.2846,24.2846,0.8607,1.3898,1.3898,3.5192,3.5192,3234529.9511
970,2018-04-16,24.4017,24.4017,0.8649,1.3965,1.3965,3.5024,3.5024,3250118.0473
971,2018-04-13,24.4017,24.4017,0.8649,1.3965,1.3965,3.5024,3.5024,3250118.0473
972,2018-04-12,24.4017,24.4017,0.8649,1.3965,1.3965,3.5024,3.5024,3250118.0473
973,2018-04-11,24.5772,24.5772,0.8711,1.4066,1.4066,3.4773,3.4773,3273500.1915
974,2018-04-10,24.5187,24.5187,0.869,1.4032,1.4032,3.4856,3.4856,3265706.1434
975,2018-04-09,24.2846,24.2846,0.8607,1.3898,1.3898,3.5192,3.5192,3234529.9511
976,2018-04-04,24.5772,24.5772,0.8711,1.4066,1.4066,3.4773,3.4773,3273500.1915
977,2018-04-03,24.6358,24.6358,0.8732,1.4099,1.4099,3.4691,3.4691,3281294.2396
978,2018-04-02,24.7528,24.7528,0.8773,1.4166,1.4166,3.4527,3.4527,3296882.3357
979,2018-03-30,24.6358,24.6358,0.8732,1.4099,1.4099,3.4691,3.4691,3281294.2396
980,2018-03-29,,28.5102,0.8702,1.6388,1.3799,3.4691,3.4691,3281294.2396
981,2018-03-28,,28.3748,0.8661,1.631,1.3733,3.4856,3.4856,3265706.1434
982,2018-03-27,,28.4425,0.8682,1.6349,1.3766,3.4773,3.4773,3273500.1915
983,2018-03-26,,28.307,0.864,1.6271,1.37,3.494,3.494,3257912.0954
984,2018-03-23,,28.5779,0.8723,1.6427,1.3831,3.4609,3.4609,3289088.2877
985,2018-03-22,,28.6456,0.8744,1.6466,1.3864,3.4527,3.4527,3296882.3357
986,2018-03-21,,28.7811,0.8785,1.6544,1.393,3.4364,3.4364,3312470.4319
987,2018-03-20,,28.7811,0.8785,1.6544,1.393,3.4364,3.4364,3312470.4319
988,2018-03-19,,28.8488,0.8806,1.6583,1.3962,3.4284,3.4284,3320264.48
989,2018-03-16,,28.9165,0.8826,1.6622,1.3995,3.4203,3.4203,3328058.528
990,2018-03-15,,28.9165,0.8826,1.6622,1.3995,3.4203,3.4203,3328058.528
991,2018-03-14,,29.052,0.8868,1.6699,1.4061,3.4044,3.4044,3343646.6242
992,2018-03-13,,29.1874,0.8909,1.6777,1.4126,3.3886,3.3886,3359234.7203
993,2018-03-12,,29.4583,0.8992,1.6933,1.4257,3.3574,3.3574,3390410.9126
994,2018-03-09,,29.3228,0.895,1.6855,1.4192,3.3729,3.3729,3374822.8165
995,2018-03-08,,29.2551,0.893,1.6816,1.4159,3.3807,3.3807,3367028.7684
996,2018-03-07,,29.1874,0.8909,1.6777,1.4126,3.3886,3.3886,3359234.7203
997,2018-03-06,,29.1874,0.8909,1.6777,1.4126,3.3886,3.3886,3359234.7203
998,2018-03-05,,28.8488,0.8806,1.6583,1.3962,3.4284,3.4284,3320264.48
999,2018-03-02,,28.7811,0.8785,1.6544,1.393,3.4364,3.4364,3312470.4319
1000,2018-03-01,,28.9842,0.8847,1.6661,1.4028,3.4123,3.4123,3335852.5761
1001,2018-02-28,,28.9842,0.8847,1.6661,1.4028,3.4123,3.4123,3335852.5761
1002,2018-02-27,,29.052,0.8868,1.6699,1.4061,3.4044,3.4044,3343646.6242
1003,2018-02-26,,29.3228,0.895,1.6855,1.4192,3.3729,3.3729,3374822.8165
1004,2018-02-23,,28.9842,0.8847,1.6661,1.4028,3.4123,3.4123,3335852.5761
1005,2018-02-22,,28.9842,0.8847,1.6661,1.4028,3.4123,3.4123,3335852.5761
1006,2018-02-14,,28.7134,0.8764,1.6505,1.3897,3.4445,3.4445,3304676.3838
1007,2018-02-13,,28.7134,0.8764,1.6505,1.3897,3.4445,3.4445,3304676.3838
1008,2018-02-12,,28.5102,0.8702,1.6388,1.3799,3.4691,3.4691,3281294.2396
1009,2018-02-09,,28.1039,0.8578,1.6154,1.3602,3.5192,3.5192,3234529.9511
1010,2018-02-08,,29.3228,0.895,1.6855,1.4192,3.3729,3.3729,3374822.8165
1011,2018-02-07,,29.052,0.8868,1.6699,1.4061,3.4044,3.4044,3343646.6242
1012,2018-02-06,,28.9165,0.8826,1.6622,1.3995,3.4203,3.4203,3328058.528
1013,2018-02-05,,29.8646,0.9116,1.7167,1.4454,3.3118,3.3118,3437175.2011
1014,2018-02-02,,29.5937,0.9033,1.7011,1.4323,3.3421,3.3421,3405999.0088
1015,2018-02-01,,29.4583,0.8992,1.6933,1.4257,3.3574,3.3574,3390410.9126
1016,2018-01-31,,30.4064,0.9281,1.7478,1.4716,3.2527,3.2527,3499527.5857
1017,2018-01-30,,30.4741,0.9302,1.7517,1.4749,3.2455,3.2455,3507321.6338
1018,2018-01-29,,30.8127,0.9405,1.7712,1.4913,3.2099,3.2099,3546291.8741
1019,2018-01-26,,31.3544,0.957,1.8023,1.5175,3.1544,3.1544,3608644.2587
1020,2018-01-25,,31.6253,0.9653,1.8179,1.5306,3.1274,3.1274,3639820.451
1021,2018-01-24,,31.3544,0.957,1.8023,1.5175,3.1544,3.1544,3608644.2587
1022,2018-01-23,,31.4899,0.9612,1.8101,1.5241,3.1408,3.1408,3624232.3549
1023,2018-01-22,,31.5576,0.9632,1.814,1.5273,3.1341,3.1341,3632026.403
1024,2018-01-19,,31.219,0.9529,1.7945,1.511,3.1681,3.1681,3593056.1626
1025,2018-01-18,,31.219,0.9529,1.7945,1.511,3.1681,3.1681,3593056.1626
1026,2018-01-17,,30.8804,0.9426,1.775,1.4946,3.2028,3.2028,3554085.9222
1027,2018-01-16,,31.0158,0.9467,1.7828,1.5011,3.1888,3.1888,3569674.0184
1028,2018-01-15,,30.4064,0.9281,1.7478,1.4716,3.2527,3.2527,3499527.5857
1029,2018-01-12,,30.8127,0.9405,1.7712,1.4913,3.2099,3.2099,3546291.8741
1030,2018-01-11,,31.0158,0.9467,1.7828,1.5011,3.1888,3.1888,3569674.0184
1031,2018-01-10,,31.2867,0.955,1.7984,1.5142,3.1612,3.1612,3600850.2107
1032,2018-01-09,,31.3544,0.957,1.8023,1.5175,3.1544,3.1544,3608644.2587
1033,2018-01-08,,31.5576,0.9632,1.814,1.5273,3.1341,3.1341,3632026.403
1034,2018-01-05,,30.9481,0.9446,1.7789,1.4979,3.1958,3.1958,3561879.9703
1035,2018-01-04,,30.5418,0.9322,1.7556,1.4782,3.2383,3.2383,3515115.6818
1036,2018-01-03,,30.6772,0.9364,1.7634,1.4847,3.224,3.224,3530703.778
1037,2018-01-02,,30.8127,0.9405,1.7712,1.4913,3.2099,3.2099,3546291.8741
1038,2017-12-29,,30.2709,0.924,1.74,1.4651,3.2876,3.2673,3483939.4895
1039,2017-12-28,,30.2032,0.9219,1.7361,1.4618,3.295,3.2746,3476145.4415
1040,2017-12-27,,29.218,0.9011,1.6795,1.4141,3.4225,3.4014,3362751.6393
1041,2017-12-26,,29.748,0.9174,1.71,1.4398,3.3616,3.3408,3423753.9366
1042,2017-12-25,,28.2904,0.8725,1.6262,1.3692,3.5348,3.5129,3255997.619
1043,2017-12-22,,28.1579,0.8684,1.6186,1.3628,3.5514,3.5294,3240747.0447
1044,2017-12-21,,28.2904,0.8725,1.6262,1.3692,3.5348,3.5129,3255997.619
1045,2017-12-20,,28.1579,0.8684,1.6186,1.3628,3.5514,3.5294,3240747.0447
1046,2017-12-19,,28.4229,0.8765,1.6338,1.3756,3.5183,3.4965,3271248.1934
1047,2017-12-18,,28.2904,0.8725,1.6262,1.3692,3.5348,3.5129,3255997.619
1048,2017-12-15,,28.2241,0.8704,1.6224,1.366,3.5431,3.5211,3248372.3319
1049,2017-12-14,,28.4229,0.8765,1.6338,1.3756,3.5183,3.4965,3271248.1934
1050,2017-12-13,,28.2241,0.8704,1.6224,1.366,3.5431,3.5211,3248372.3319
1051,2017-12-12,,28.0916,0.8663,1.6147,1.3596,3.5598,3.5377,3233121.7575
1052,2017-12-11,,28.3567,0.8745,1.63,1.3724,3.5265,3.5047,3263622.9062
1053,2017-12-08,,28.1579,0.8684,1.6186,1.3628,3.5514,3.5294,3240747.0447
1054,2017-12-07,,28.1579,0.8684,1.6186,1.3628,3.5514,3.5294,3240747.0447
1055,2017-12-06,,28.1579,0.8684,1.6186,1.3628,3.5514,3.5294,3240747.0447
1056,2017-12-05,,28.0916,0.8663,1.6147,1.3596,3.5598,3.5377,3233121.7575
1057,2017-12-04,,29.0192,0.8949,1.6681,1.4045,3.446,3.4247,3339875.7778
1058,2017-12-01,,29.218,0.9011,1.6795,1.4141,3.4225,3.4014,3362751.6393
1059,2017-11-30,,29.1517,0.899,1.6757,1.4109,3.4303,3.4091,3355126.3522
1060,2017-11-29,,29.6155,0.9133,1.7023,1.4334,3.3766,3.3557,3408503.3623
1061,2017-11-28,,29.218,0.9011,1.6795,1.4141,3.4225,3.4014,3362751.6393
1062,2017-11-27,,29.0854,0.897,1.6719,1.4077,3.4381,3.4169,3347501.065
1063,2017-11-24,,29.218,0.9011,1.6795,1.4141,3.4225,3.4014,3362751.6393
1064,2017-11-23,,29.218,0.9011,1.6795,1.4141,3.4225,3.4014,3362751.6393
1065,2017-11-22,,29.6155,0.9133,1.7023,1.4334,3.3766,3.3557,3408503.3623
1066,2017-11-21,,29.748,0.9174,1.71,1.4398,3.3616,3.3408,3423753.9366
1067,2017-11-20,,29.3505,0.9051,1.6871,1.4205,3.4071,3.386,3378002.2137
1068,2017-11-17,,29.483,0.9092,1.6947,1.4269,3.3918,3.3708,3393252.788
1069,2017-11-16,,29.748,0.9174,1.71,1.4398,3.3616,3.3408,3423753.9366
1070,2017-11-15,,29.748,0.9174,1.71,1.4398,3.3616,3.3408,3423753.9366
1071,2017-11-14,,29.8805,0.9215,1.7176,1.4462,3.3467,3.3259,3439004.511
1072,2017-11-13,,30.3443,0.9358,1.7442,1.4686,3.2955,3.2751,3492381.5211
1073,2017-11-10,,30.4768,0.9399,1.7518,1.475,3.2812,3.2609,3507632.0954
1074,2017-11-09,,30.2118,0.9317,1.7366,1.4622,3.31,3.2895,3477130.9468
1075,2017-11-08,,30.2118,0.9317,1.7366,1.4622,3.31,3.2895,3477130.9468
1076,2017-11-07,,30.1455,0.9297,1.7328,1.459,3.3172,3.2967,3469505.6596
1077,2017-11-06,,30.013,0.9256,1.7252,1.4526,3.3319,3.3113,3454255.0853
1078,2017-11-03,,29.6155,0.9133,1.7023,1.4334,3.3766,3.3557,3408503.3623
1079,2017-11-02,,29.8142,0.9194,1.7138,1.443,3.3541,3.3333,3431379.2238
1080,2017-11-01,,30.543,0.9419,1.7557,1.4782,3.2741,3.2538,3515257.3826
1081,2017-10-31,,30.7418,0.9481,1.7671,1.4879,3.2529,3.2328,3538133.2441
1082,2017-10-30,,33.9104,0.9484,1.7518,1.4732,3.2812,3.2609,3507632.0954
1083,2017-10-27,,34.3527,0.9608,1.7747,1.4925,3.2389,3.2189,3553383.8184
1084,2017-10-26,,34.7213,0.9711,1.7937,1.5085,3.2045,3.1847,3591510.2542
1085,2017-10-25,,34.5001,0.9649,1.7823,1.4989,3.2251,3.2051,3568634.3928
1086,2017-10-24,,34.1315,0.9546,1.7633,1.4829,3.2599,3.2397,3530507.9569
1087,2017-10-23,,34.1315,0.9546,1.7633,1.4829,3.2599,3.2397,3530507.9569
1088,2017-10-20,,33.6155,0.9402,1.7366,1.4604,3.31,3.2895,3477130.9468
1089,2017-10-19,,33.3943,0.934,1.7252,1.4508,3.3319,3.3113,3454255.0853
1090,2017-10-18,,34.0578,0.9525,1.7595,1.4797,3.267,3.2468,3522882.6698
1091,2017-10-17,,34.5001,0.9649,1.7823,1.4989,3.2251,3.2051,3568634.3928
1092,2017-10-16,,34.5001,0.9649,1.7823,1.4989,3.2251,3.2051,3568634.3928
1093,2017-10-13,,34.795,0.9732,1.7975,1.5117,3.1978,3.178,3599135.5414
1094,2017-10-12,,34.5738,0.967,1.7861,1.5021,3.2182,3.1983,3576259.6799
1095,2017-10-11,,34.5738,0.967,1.7861,1.5021,3.2182,3.1983,3576259.6799
1096,2017-10-10,,34.5001,0.9649,1.7823,1.4989,3.2251,3.2051,3568634.3928
1097,2017-10-09,,33.9841,0.9505,1.7557,1.4764,3.2741,3.2538,3515257.3826
1098,2017-09-29,,33.0257,0.9237,1.7061,1.4348,3.3691,3.3482,3416128.6495
1099,2017-09-28,,32.952,0.9216,1.7023,1.4316,3.3766,3.3557,3408503.3623
1100,2017-09-27,,33.0257,0.9237,1.7061,1.4348,3.3691,3.3482,3416128.6495
1101,2017-09-26,,32.8046,0.9175,1.6947,1.4252,3.3918,3.3708,3393252.788
1102,2017-09-25,,32.6571,0.9134,1.6871,1.4188,3.4071,3.386,3378002.2137
1103,2017-09-22,,33.0995,0.9257,1.71,1.438,3.3616,3.3408,3423753.9366
1104,2017-09-21,,33.3943,0.934,1.7252,1.4508,3.3319,3.3113,3454255.0853
1105,2017-09-20,,33.6155,0.9402,1.7366,1.4604,3.31,3.2895,3477130.9468
1106,2017-09-19,,33.7629,0.9443,1.7442,1.4668,3.2955,3.2751,3492381.5211
1107,2017-09-18,,34.0578,0.9525,1.7595,1.4797,3.267,3.2468,3522882.6698
1108,2017-09-15,,33.9841,0.9505,1.7557,1.4764,3.2741,3.2538,3515257.3826
1109,2017-09-14,,33.9104,0.9484,1.7518,1.4732,3.2812,3.2609,3507632.0954
1110,2017-09-13,,33.8366,0.9464,1.748,1.47,3.2883,3.268,3500006.8083
1111,2017-09-12,,33.9104,0.9484,1.7518,1.4732,3.2812,3.2609,3507632.0954
1112,2017-09-11,,33.8366,0.9464,1.748,1.47,3.2883,3.268,3500006.8083
1113,2017-09-08,,33.6892,0.9422,1.7404,1.4636,3.3027,3.2823,3484756.2339
1114,2017-09-07,,33.7629,0.9443,1.7442,1.4668,3.2955,3.2751,3492381.5211
1115,2017-09-06,,33.9104,0.9484,1.7518,1.4732,3.2812,3.2609,3507632.0954
1116,2017-09-05,,33.6892,0.9422,1.7404,1.4636,3.3027,3.2823,3484756.2339
1117,2017-09-04,,33.8366,0.9464,1.748,1.47,3.2883,3.268,3500006.8083
1118,2017-09-01,,33.9841,0.9505,1.7557,1.4764,3.2741,3.2538,3515257.3826
1119,2017-08-31,,33.8366,0.9464,1.748,1.47,3.2883,3.268,3500006.8083
1120,2017-08-30,,,0.9927,1.7671,1.5885,3.2492,3.2328,3538133.2441
1121,2017-08-29,,,0.9991,1.7785,1.5987,3.2284,3.212,3561009.1056
1122,2017-08-28,,,1.0012,1.7823,1.6022,3.2215,3.2051,3568634.3928
1123,2017-08-25,,,0.9948,1.7709,1.5919,3.2422,6.468,3545758.5313
1124,2017-08-24,,,0.9867,1.8128,1.6296,3.1673,3.1673,3629636.6901
1125,2017-08-23,,,0.9846,1.809,1.6261,3.174,3.174,3622011.4029
1126,2017-08-22,,,0.9887,1.8166,1.633,3.1607,3.1607,3637261.9772
1127,2017-08-21,,,0.9887,1.8166,1.633,3.1607,3.1607,3637261.9772
1128,2017-08-18,,,0.9742,1.7899,1.609,3.2077,3.2077,3583884.9671
1129,2017-08-17,,,0.9825,1.8052,1.6227,3.1807,3.1807,3614386.1157
1130,2017-08-16,,,0.9763,1.7937,1.6124,3.2009,3.2009,3591510.2542
1131,2017-08-15,,,0.9763,1.7937,1.6124,3.2009,3.2009,3591510.2542
1132,2017-08-14,,,0.9825,1.8052,1.6227,3.1807,3.1807,3614386.1157
1133,2017-08-11,,,0.9659,1.7747,1.5953,3.2353,3.2353,3553383.8184
1134,2017-08-10,,,1.0033,1.8432,1.6569,3.115,3.115,3690638.9874
1135,2017-08-09,,,1.0219,1.8775,1.6878,3.0581,3.0581,3759266.5719
1136,2017-08-08,,,1.0136,1.8623,1.6741,3.0831,3.0831,3728765.4232
1137,2017-08-07,,,1.0261,1.8851,1.6946,3.0457,3.0457,3774517.1462
1138,2017-08-04,,,1.0116,1.8585,1.6706,3.0894,3.0894,3721140.136
1139,2017-08-03,,,1.0157,1.8661,1.6775,3.0768,3.0768,3736390.7104
1140,2017-08-02,,,0.9929,1.8242,1.6398,3.1475,3.1475,3652512.5516
1141,2017-08-01,,,0.997,1.8318,1.6467,3.1344,3.1344,3667763.1259
1142,2017-07-31,,,0.9929,1.8242,1.6398,3.1475,3.1475,3652512.5516
1143,2017-07-28,,,0.9701,1.7823,1.6022,3.2215,3.2215,3568634.3928
1144,2017-07-27,,,0.9784,1.7975,1.6159,3.1942,3.1942,3599135.5414
1145,2017-07-26,,,0.9784,1.7975,1.6159,3.1942,3.1942,3599135.5414
1146,2017-07-25,,,0.9825,1.8052,1.6227,3.1807,3.1807,3614386.1157
1147,2017-07-24,,,0.9991,1.8356,1.6501,3.1279,3.1279,3675388.413
1148,2017-07-21,,,0.9929,1.8242,1.6398,3.1475,3.1475,3652512.5516
1149,2017-07-20,,,0.9825,1.8052,1.6227,3.1807,3.1807,3614386.1157
1150,2017-07-19,,,0.9867,1.8128,1.6296,3.1673,3.1673,3629636.6901
1151,2017-07-18,,,0.968,1.7785,1.5987,3.2284,3.2284,3561009.1056
1152,2017-07-17,,,0.9473,1.7404,1.5645,3.299,3.299,3484756.2339
1153,2017-07-14,,,0.9535,1.7518,1.5748,3.2775,3.2775,3507632.0954
1154,2017-07-13,,,0.9473,1.7404,1.5645,3.299,3.299,3484756.2339
1155,2017-07-12,,,0.9328,1.7138,1.5405,3.3503,3.3503,3431379.2238
1156,2017-07-11,,,0.9369,1.7214,1.5474,3.3355,3.3355,3446629.7981
1157,2017-07-10,,,0.9452,1.7366,1.5611,3.3062,3.3062,3477130.9468
1158,2017-07-07,,,0.9353,1.7263,1.5518,3.3429,3.3429,3456523.6448
1159,2017-07-06,,,0.9332,1.7225,1.5484,3.3333,3.3333,3448859.5125
1160,2017-07-05,,,0.9353,1.7263,1.5518,3.3259,3.3259,3456523.6448
1161,2017-07-04,,,0.9332,1.7225,1.5484,3.3333,3.3333,3448859.5125
1162,2017-07-03,,,0.9374,1.7301,1.5553,3.3186,3.3186,3464187.777
1163,2017-06-30,,,0.9312,1.7187,1.545,3.3408,3.3408,3441195.3803
1164,2017-06-29,,,0.9395,1.734,1.5587,3.3113,3.3113,3471851.9093
1165,2017-06-28,,,0.9374,1.7301,1.5553,3.3186,3.3186,3464187.777
1166,2017-06-27,,,0.9353,1.7263,1.5518,3.3259,3.3259,3456523.6448
1167,2017-06-26,,,0.9395,1.734,1.5587,3.3113,3.3113,3471851.9093
1168,2017-06-23,,,0.9166,1.6919,1.5209,3.3937,3.3937,3387546.4545
1169,2017-06-22,,,0.9166,1.6919,1.5209,3.3937,3.3937,3387546.4545
1170,2017-06-21,,,0.9166,1.6919,1.5209,3.3937,3.3937,3387546.4545
1171,2017-06-20,,,0.9125,1.6842,1.514,3.4091,3.4091,3372218.19
1172,2017-06-19,,,0.9166,1.6919,1.5209,3.3937,3.3937,3387546.4545
1173,2017-06-16,,,0.9104,1.6804,1.5105,3.4169,3.4169,3364554.0578
1174,2017-06-15,,,0.9146,1.688,1.5174,3.4014,3.4014,3379882.3223
1175,2017-06-14,,,0.9125,1.6842,1.514,3.4091,3.4091,3372218.19
1176,2017-06-13,,,0.9146,1.688,1.5174,3.4014,3.4014,3379882.3223
1177,2017-06-12,,,0.9104,1.6804,1.5105,3.4169,3.4169,3364554.0578
1178,2017-06-09,,,0.9249,1.7072,1.5346,3.3632,3.3632,3418202.9835
1179,2017-06-08,,,0.9166,1.6919,1.5209,3.3937,3.3937,3387546.4545
1180,2017-06-07,,,0.9229,1.7034,1.5312,3.3708,3.3708,3410538.8513
1181,2017-06-06,,,0.9125,1.6842,1.514,3.4091,3.4091,3372218.19
1182,2017-06-05,,,0.9104,1.6804,1.5105,3.4169,3.4169,3364554.0578
1183,2017-06-02,,,0.9104,1.6804,1.5105,3.4169,3.4169,3364554.0578
1184,2017-06-01,,,0.9042,1.6689,1.5002,3.4404,3.4404,3341561.661
1185,2017-05-31,,,0.9104,1.6804,1.5105,3.4169,3.4169,3364554.0578
1186,2017-05-26,,,0.9104,1.6804,1.5105,3.4169,3.4169,3364554.0578
1187,2017-05-25,,,0.9104,1.6804,1.5105,3.4169,3.4169,3364554.0578
1188,2017-05-24,,,0.8959,1.6536,1.4865,3.4722,3.4722,3310905.132
1189,2017-05-23,,,0.8772,1.6191,1.4555,3.5461,3.5461,3241927.9418
1190,2017-05-22,,,0.8918,1.6459,1.4796,3.4884,3.4884,3295576.8675
1191,2017-05-19,,,0.8855,1.6345,1.4693,3.5129,3.5129,3272584.4708
1192,2017-05-18,,,0.8876,1.6383,1.4727,3.5047,3.5047,3280248.603
1193,2017-05-17,,,0.9001,1.6612,1.4933,3.4562,3.4562,3326233.3965
1194,2017-05-16,,,0.8897,1.6421,1.4761,3.4965,3.4965,3287912.7353
1195,2017-05-15,,,0.8814,1.6268,1.4624,3.5294,3.5294,3257256.2063
1196,2017-05-12,,,0.8855,1.6345,1.4693,3.5129,3.5129,3272584.4708
1197,2017-05-11,,,0.8814,1.6268,1.4624,3.5294,3.5294,3257256.2063
1198,2017-05-10,,,0.8814,1.6268,1.4624,3.5294,3.5294,3257256.2063
1199,2017-05-09,,,0.9083,1.6766,1.5071,3.4247,3.4247,3356889.9255
1200,2017-05-08,,,0.9001,1.6612,1.4933,3.4562,3.4562,3326233.3965
1201,2017-05-05,,,0.9104,1.6804,1.5105,3.4169,3.4169,3364554.0578
1202,2017-05-04,,,0.9312,1.7187,1.545,3.3408,3.3408,3441195.3803
1203,2017-05-03,,,0.9332,1.7225,1.5484,3.3333,3.3333,3448859.5125
1204,2017-05-02,,,0.9353,1.7263,1.5518,3.3259,3.3259,3456523.6448
1205,2017-04-28,,,0.9312,1.7187,1.545,3.3408,3.3408,3441195.3803
1206,2017-04-27,,,0.9374,1.7301,1.5553,3.3186,3.3186,3464187.777
1207,2017-04-26,,,0.9368,1.7225,1.7225,3.3333,3.3333,3448859.5125
1208,2017-04-25,,,0.9306,1.711,1.711,3.3557,3.3557,3425867.1158
1209,2017-04-24,,,0.9264,1.7034,1.7034,3.3708,3.3708,3410538.8513
1210,2017-04-21,,,0.9514,1.7493,1.7493,3.2823,3.2823,3502508.4383
1211,2017-04-20,,,0.9535,1.7531,1.7531,3.2751,3.2751,3510172.5705
1212,2017-04-19,,,0.9535,1.7531,1.7531,3.2751,3.2751,3510172.5705
1213,2017-04-18,,,0.9722,1.7876,1.7876,3.212,3.212,3579149.7608
1214,2017-04-17,,,0.9847,1.8105,1.8105,3.1712,3.1712,3625134.5543
1215,2017-04-14,,,0.9972,1.8335,1.8335,3.1315,3.1315,3671119.3478
1216,2017-04-13,,,1.0264,1.8871,1.8871,3.0426,3.0426,3778417.1993
1217,2017-04-12,,,1.0264,1.8871,1.8871,3.0426,3.0426,3778417.1993
1218,2017-04-11,,,1.0493,1.9292,1.9292,2.9762,2.9762,3862722.654
1219,2017-04-10,,,1.0139,1.8641,1.8641,3.0801,3.0801,3732432.4058
1220,2017-04-07,,,1.016,1.8679,1.8679,3.0738,3.0738,3740096.538
1221,2017-04-06,,,1.018,1.8718,1.8718,3.0675,3.0675,3747760.6703
1222,2017-04-05,,,1.0076,1.8526,1.8526,3.0992,3.0992,3709440.009
1223,2017-03-31,,,0.9951,1.8297,1.8297,3.1381,3.1381,3663455.2155
1224,2017-03-30,445.3359,,0.9945,1.7911,1.8676,3.0928,3.0928,3717104.1413
1225,2017-03-29,446.2541,,0.9965,1.7948,1.8715,3.0864,3.0864,3724768.2735
1226,2017-03-28,443.4995,,0.9904,1.7837,1.8599,3.1056,3.1056,3701775.8768
1227,2017-03-27,443.4995,,0.9904,1.7837,1.8599,3.1056,3.1056,3701775.8768
1228,2017-03-24,449.0088,,1.0027,1.8059,1.883,3.0675,3.0675,3747760.6703
1229,2017-03-23,442.5813,,0.9883,1.78,1.8561,3.112,3.112,3694111.7445
1230,2017-03-22,443.4995,,0.9904,1.7837,1.8599,3.1056,3.1056,3701775.8768
1231,2017-03-21,440.7448,,0.9842,1.7726,1.8483,3.125,3.125,3678783.48
1232,2017-03-20,444.4177,,0.9924,1.7874,1.8638,3.0992,3.0992,3709440.009
1233,2017-03-17,442.5813,,0.9883,1.78,1.8561,3.112,3.112,3694111.7445
1234,2017-03-16,449.927,,1.0047,1.8096,1.8869,3.0612,3.0612,3755424.8025
1235,2017-03-15,449.0088,,1.0027,1.8059,1.883,3.0675,3.0675,3747760.6703
1236,2017-03-14,440.7448,,0.9842,1.7726,1.8483,3.125,3.125,3678783.48
1237,2017-03-13,445.3359,,0.9945,1.7911,1.8676,3.0928,3.0928,3717104.1413
1238,2017-03-10,438.9084,,0.9801,1.7652,1.8406,3.1381,3.1381,3663455.2155
1239,2017-03-09,437.0719,,0.976,1.7578,1.8329,3.1513,3.1513,3648126.951
1240,2017-03-08,443.4995,,0.9904,1.7837,1.8599,3.1056,3.1056,3701775.8768
1241,2017-03-07,447.1723,,0.9986,1.7985,1.8753,3.0801,3.0801,3732432.4058
1242,2017-03-06,442.5813,,0.9883,1.78,1.8561,3.112,3.112,3694111.7445
1243,2017-03-03,440.7448,,0.9842,1.7726,1.8483,3.125,3.125,3678783.48
1244,2017-03-02,444.4177,,0.9924,1.7874,1.8638,3.0992,3.0992,3709440.009
1245,2017-03-01,443.4995,,0.9904,1.7837,1.8599,3.1056,3.1056,3701775.8768
1246,2017-02-28,444.4177,,0.9924,1.7874,1.8638,3.0992,3.0992,3709440.009
1247,2017-02-27,443.4995,,0.9904,1.7837,1.8599,3.1056,3.1056,3701775.8768
1248,2017-02-24,454.5181,,1.015,1.828,1.9061,3.0303,3.0303,3793745.4638
1249,2017-02-23,450.8452,,1.0068,1.8132,1.8907,3.055,3.055,3763088.9348
1250,2017-02-22,450.8452,,1.0068,1.8132,1.8907,3.055,3.055,3763088.9348
1251,2017-02-21,444.4177,,0.9924,1.7874,1.8638,3.0992,3.0992,3709440.009
1252,2017-02-20,446.2541,,0.9965,1.7948,1.8715,3.0864,3.0864,3724768.2735
1253,2017-02-17,433.3991,,0.9678,1.7431,1.8175,3.178,3.178,3617470.422
1254,2017-02-16,438.9084,,0.9801,1.7652,1.8406,3.1381,3.1381,3663455.2155
1255,2017-02-15,433.3991,,0.9678,1.7431,1.8175,3.178,3.178,3617470.422
1256,2017-02-14,439.8266,,0.9822,1.7689,1.8445,3.1315,3.1315,3671119.3478
1257,2017-02-13,440.7448,,0.9842,1.7726,1.8483,3.125,3.125,3678783.48
1258,2017-02-10,443.4995,,0.9904,1.7837,1.8599,3.1056,3.1056,3701775.8768
1259,2017-02-09,427.8898,,0.9555,1.7209,1.7944,3.2189,3.2189,3571485.6285
1260,2017-02-08,426.0533,,0.9514,1.7135,1.7867,3.2328,3.2328,3556157.364
1261,2017-02-07,425.1351,,0.9494,1.7098,1.7829,3.2397,3.2397,3548493.2318
1262,2017-02-06,420.544,,0.9391,1.6914,1.7636,3.2751,3.2751,3510172.5705
1263,2017-02-03,414.1165,,0.9248,1.6655,1.7367,3.3259,3.3259,3456523.6448
1264,2017-01-26,417.7894,,0.933,1.6803,1.7521,3.2967,3.2967,3487180.1738
1265,2017-01-25,417.7894,,0.933,1.6803,1.7521,3.2967,3.2967,3487180.1738
1266,2017-01-24,422.3804,,0.9432,1.6988,1.7713,3.2609,3.2609,3525500.835
1267,2017-01-23,419.6258,,0.9371,1.6877,1.7598,3.2823,3.2823,3502508.4383
1268,2017-01-20,415.0347,,0.9268,1.6692,1.7405,3.3186,3.3186,3464187.777
1269,2017-01-19,410.4436,,0.9166,1.6508,1.7213,3.3557,3.3557,3425867.1158
1270,2017-01-18,411.3618,,0.9186,1.6544,1.7251,3.3482,3.3482,3433531.248
1271,2017-01-17,411.3618,,0.9186,1.6544,1.7251,3.3482,3.3482,3433531.248
1272,2017-01-16,407.689,,0.9104,1.6397,1.7097,3.3784,3.3784,3402874.719
1273,2017-01-13,415.0347,,0.9268,1.6692,1.7405,3.3186,3.3186,3464187.777
1274,2017-01-12,418.7076,,0.935,1.684,1.7559,3.2895,3.2895,3494844.306
1275,2017-01-11,422.3804,,0.9432,1.6988,1.7713,3.2609,3.2609,3525500.835
1276,2017-01-10,426.9715,,0.9535,1.7172,1.7906,3.2258,3.2258,3563821.4963
1277,2017-01-09,427.8898,,0.9555,1.7209,1.7944,3.2189,3.2189,3571485.6285
1278,2017-01-06,424.2169,,0.9473,1.7061,1.779,3.2468,3.2468,3540829.0995
1279,2017-01-05,426.9715,,0.9535,1.7172,1.7906,3.2258,3.2258,3563821.4963
1280,2017-01-04,420.544,,0.9391,1.6914,1.7636,3.2751,3.2751,3510172.5705
1281,2017-01-03,416.8711,,0.9309,1.6766,1.7482,3.304,3.304,3479516.0415
1282,2016-12-30,416.8711,,0.9309,1.6766,1.7482,1.1073,3.304,3479516.0415
1283,2016-12-29,421.4622,,0.9412,1.6951,1.7675,1.0953,3.268,3517836.7028
1284,2016-12-28,415.0347,,0.9268,1.6692,1.7405,1.1122,3.3186,3464187.777
1285,2016-12-27,415.0347,,0.9268,1.6692,1.7405,1.1122,3.3186,3464187.777
1286,2016-12-26,412.28,,0.9207,1.6581,1.729,1.1197,3.3408,3441195.3803
1287,2016-12-23,411.3618,,0.9186,1.6544,1.7251,1.1222,3.3482,3433531.248
1288,2016-12-22,415.0347,,0.9268,1.6692,1.7405,1.1122,3.3186,3464187.777
1289,2016-12-21,414.1165,,0.9248,1.6655,1.7367,1.1147,3.3259,3456523.6448
1290,2016-12-20,411.3618,,0.9186,1.6544,1.7251,1.1222,3.3482,3433531.248
1291,2016-12-19,415.9529,,0.9289,1.6729,1.7444,1.1098,3.3113,3471851.9093
1292,2016-12-16,419.6258,,0.9371,1.6877,1.7598,1.1001,3.2823,3502508.4383
1293,2016-12-15,417.7894,,0.933,1.6803,1.7521,1.1049,3.2967,3487180.1738
1294,2016-12-14,415.0347,,0.9268,1.6692,1.7405,1.1122,3.3186,3464187.777
1295,2016-12-13,412.28,,0.9207,1.6581,1.729,1.1197,3.3408,3441195.3803
1296,2016-12-12,412.28,,0.9207,1.6581,1.729,1.1197,3.3408,3441195.3803
1297,2016-12-09,427.8898,,0.9555,1.7209,1.7944,1.0788,3.2189,3571485.6285
1298,2016-12-08,427.8898,,0.9555,1.7209,1.7944,1.0788,3.2189,3571485.6285
1299,2016-12-07,425.1351,,0.9494,1.7098,1.7829,1.0858,3.2397,3548493.2318
1300,2016-12-06,418.7076,,0.935,1.684,1.7559,1.1025,3.2895,3494844.306
1301,2016-12-05,418.7076,,0.935,1.684,1.7559,1.1025,3.2895,3494844.306
1302,2016-12-02,427.8898,,0.9555,1.7209,1.7944,1.0788,3.2189,3571485.6285
1303,2016-12-01,437.9902,,0.9781,1.7615,1.8368,1.0539,3.1447,3655791.0833
1304,2016-11-30,437.0719,,0.976,1.7578,1.8329,1.0562,3.1513,3648126.951
1305,2016-11-29,451.7634,,1.0088,1.8169,1.8946,1.0218,3.0488,3770753.067
1306,2016-11-28,449.0088,,1.0027,1.8059,1.883,1.0281,3.0675,3747760.6703
1307,2016-11-25,440.7448,,0.9842,1.7726,1.8483,1.0474,3.125,3678783.48
1308,2016-11-24,439.8266,,0.9822,1.7689,1.8445,1.0495,3.1315,3671119.3478
1309,2016-11-23,441.663,,0.9863,1.7763,1.8522,1.0452,3.1185,3686447.6123
1310,2016-11-22,445.3359,,0.9945,1.7911,1.8676,1.0366,3.0928,3717104.1413
1311,2016-11-21,441.663,,0.9863,1.7763,1.8522,1.0452,3.1185,3686447.6123
1312,2016-11-18,438.9084,,0.9801,1.7652,1.8406,1.0517,3.1381,3663455.2155
1313,2016-11-17,444.4177,,0.9924,1.7874,1.8638,1.0387,3.0992,3709440.009
1314,2016-11-16,441.663,,0.9863,1.7763,1.8522,1.0452,3.1185,3686447.6123
1315,2016-11-15,444.4177,,0.9924,1.7874,1.8638,1.0387,3.0992,3709440.009
1316,2016-11-14,452.6817,,1.0109,1.8206,1.8984,1.0197,3.0426,3778417.1993
1317,2016-11-11,443.4995,,0.9904,1.7837,1.8599,1.0408,3.1056,3701775.8768
1318,2016-11-10,437.0719,,0.976,1.7578,1.8329,1.0562,3.1513,3648126.951
1319,2016-11-09,417.7894,,0.933,1.6803,1.7521,1.1049,3.2967,3487180.1738
1320,2016-11-08,416.8711,,0.9309,1.6766,1.7482,1.1073,3.304,3479516.0415
1321,2016-11-07,415.0347,,0.9268,1.6692,1.7405,1.1122,3.3186,3464187.777
1322,2016-11-04,415.0347,,0.9268,1.6692,1.7405,1.1122,3.3186,3464187.777
1323,2016-11-03,413.1983,,0.9227,1.6618,1.7328,1.1172,3.3333,3448859.5125
1324,2016-11-02,413.1983,,0.9227,1.6618,1.7328,1.1172,3.3333,3448859.5125
1325,2016-11-01,415.9529,,0.9289,1.6729,1.7444,1.1098,3.3113,3471851.9093
1326,2016-10-31,419.6258,,0.9371,1.6877,1.7598,1.1001,3.2823,3502508.4383
1327,2016-10-28,411.3618,,0.9192,1.6544,1.7896,1.1222,3.3482,3433531.248
1328,2016-10-27,414.1165,,0.9253,1.6655,1.8016,1.1147,3.3259,3456523.6448
1329,2016-10-26,415.9529,,0.9294,1.6729,1.8096,1.1098,3.3113,3471851.9093
1330,2016-10-25,419.6258,,0.9377,1.6877,1.8256,1.1001,3.2823,3502508.4383
1331,2016-10-24,421.4622,,0.9418,1.6951,1.8336,1.0953,3.268,3517836.7028
1332,2016-10-21,417.7894,,0.9336,1.6803,1.8176,1.1049,3.2967,3487180.1738
1333,2016-10-20,412.28,,0.9212,1.6581,1.7936,1.1197,3.3408,3441195.3803
1334,2016-10-19,415.9529,,0.9294,1.6729,1.8096,1.1098,3.3113,3471851.9093
1335,2016-10-18,423.2987,,0.9459,1.7025,1.8416,1.0905,3.2538,3533164.9673
1336,2016-10-17,412.28,,0.9212,1.6581,1.7936,1.1197,3.3408,3441195.3803
1337,2016-10-14,415.0347,,0.9274,1.6692,1.8056,1.1122,3.3186,3464187.777
1338,2016-10-13,416.8711,,0.9315,1.6766,1.8136,1.1073,3.304,3479516.0415
1339,2016-10-12,415.0347,,0.9274,1.6692,1.8056,1.1122,3.3186,3464187.777
1340,2016-10-11,421.4622,,0.9418,1.6951,1.8336,1.0953,3.268,3517836.7028
1341,2016-10-10,421.4622,,0.9418,1.6951,1.8336,1.0953,3.268,3517836.7028
1342,2016-09-30,425.1351,,0.95,1.7098,1.8495,1.0858,3.2397,3548493.2318
1343,2016-09-29,424.2169,,0.9479,1.7061,1.8455,1.0882,3.2468,3540829.0995
1344,2016-09-28,428.808,,0.9582,1.7246,1.8655,1.0765,3.212,3579149.7608
1345,2016-09-27,436.1537,,0.9746,1.7542,1.8975,1.0584,3.1579,3640462.8188
1346,2016-09-26,425.1351,,0.95,1.7098,1.8495,1.0858,3.2397,3548493.2318
1347,2016-09-23,426.9715,,0.9541,1.7172,1.8575,1.0811,3.2258,3563821.4963
1348,2016-09-22,418.7076,,0.9356,1.684,1.8216,1.1025,3.2895,3494844.306
1349,2016-09-21,417.7894,,0.9336,1.6803,1.8176,1.1049,3.2967,3487180.1738
1350,2016-09-20,411.3618,,0.9192,1.6544,1.7896,1.1222,3.3482,3433531.248
1351,2016-09-19,417.7894,,0.9336,1.6803,1.8176,1.1049,3.2967,3487180.1738
1352,2016-09-14,409.5254,,0.9151,1.6471,1.7816,1.1272,3.3632,3418202.9835
1353,2016-09-13,413.1983,,0.9233,1.6618,1.7976,1.1172,3.3333,3448859.5125
1354,2016-09-12,413.1983,,0.9233,1.6618,1.7976,1.1172,3.3333,3448859.5125
1355,2016-09-09,417.7894,,0.9336,1.6803,1.8176,1.1049,3.2967,3487180.1738
1356,2016-09-08,416.8711,,0.9315,1.6766,1.8136,1.1073,3.304,3479516.0415
1357,2016-09-07,419.6258,,0.9377,1.6877,1.8256,1.1001,3.2823,3502508.4383
1358,2016-09-06,403.0979,,0.9007,1.6212,1.7537,1.1452,3.4169,3364554.0578
1359,2016-09-05,390.2428,,0.872,1.5695,1.6977,1.1829,3.5294,3257256.2063
1360,2016-09-02,384.7335,,0.8597,1.5474,1.6738,1.1998,3.58,3211271.4128
1361,2016-09-01,384.7335,,0.8597,1.5474,1.6738,1.1998,3.58,3211271.4128
1362,2016-08-31,387.4882,,0.8658,1.5584,1.6858,1.1913,3.5545,3234263.8095
1363,2016-08-30,389.3246,,0.8518,1.5658,1.6253,1.1857,3.5377,3249592.074
1364,2016-08-29,390.2428,,0.8538,1.5695,1.6291,1.1829,3.5294,3257256.2063
1365,2016-08-26,391.161,,0.8558,1.5732,1.6329,1.1801,3.5211,3264920.3385
1366,2016-08-25,404.0161,,0.8581,1.6249,1.6866,1.1426,,3372218.19
1367,2016-08-24,404.9343,,0.8601,1.6286,1.6904,1.14,,3379882.3223
1368,2016-08-23,410.4436,,0.8718,1.6508,1.7134,1.1247,,3425867.1158
1369,2016-08-22,411.3618,,0.8737,1.6544,1.7173,1.1222,,3433531.248
1370,2016-08-19,404.9343,,0.8601,1.6286,1.6904,1.14,,3379882.3223
1371,2016-08-18,400.3432,,0.8503,1.6101,1.6713,1.153,,3341561.661
1372,2016-08-17,399.425,,0.8484,1.6064,1.6674,1.1557,,3333897.5288
1373,2016-08-16,400.3432,,0.8503,1.6101,1.6713,1.153,,3341561.661
1374,2016-08-15,398.5068,,0.8464,1.6027,1.6636,1.1584,,3326233.3965
1375,2016-08-12,389.3246,,0.8269,1.5658,1.6253,1.1857,,3249592.074
1376,2016-08-11,385.6517,,0.8191,1.551,1.6099,1.197,,3218935.545
1377,2016-08-10,387.4882,,0.823,1.5584,1.6176,1.1913,,3234263.8095
1378,2016-08-09,387.4882,,0.823,1.5584,1.6176,1.1913,,3234263.8095
1379,2016-08-08,385.6517,,0.8191,1.551,1.6099,1.197,,3218935.545
1380,2016-08-05,382.8971,,0.8133,1.54,1.5984,1.2056,1.2056,3195943.1483
1381,2016-08-04,382.8971,,0.8133,1.54,1.5984,1.2056,1.2056,3195943.1483
1382,2016-08-03,381.9788,,0.8113,1.5363,1.5946,1.2085,1.2085,3188279.016
1383,2016-08-02,382.8971,,0.8133,1.54,1.5984,1.2056,1.2056,3195943.1483
1384,2016-08-01,381.9788,,0.8113,1.5363,1.5946,1.2085,1.2085,3188279.016
1385,2016-07-29,383.8153,,0.8152,1.5437,1.6023,1.2027,1.2027,3203607.2805
1386,2016-07-28,384.7335,,0.8172,1.5474,1.6061,1.1998,1.1998,3211271.4128
1387,2016-07-27,382.8971,,0.8133,1.54,1.5984,1.2056,1.2056,3195943.1483
1388,2016-07-26,391.161,,0.8308,1.5732,1.6329,1.1801,1.1801,3264920.3385
1389,2016-07-25,389.3246,,0.8269,1.5658,1.6253,1.1857,1.1857,3249592.074
1390,2016-07-22,386.5699,,0.8211,1.5547,1.6138,1.1941,1.1941,3226599.6773
1391,2016-07-21,388.4064,,0.825,1.5621,1.6214,1.1885,1.1885,3241927.9418
1392,2016-07-20,387.4882,,0.823,1.5584,1.6176,1.1913,1.1913,3234263.8095
1393,2016-07-19,386.5699,,0.8211,1.5547,1.6138,1.1941,1.1941,3226599.6773
1394,2016-07-18,386.5699,,0.8211,1.5547,1.6138,1.1941,1.1941,3226599.6773
1395,2016-07-15,391.161,,0.8308,1.5732,1.6329,1.1801,1.1801,3264920.3385
1396,2016-07-14,392.9975,,0.8347,1.5806,1.6406,1.1746,1.1746,3280248.603
1397,2016-07-13,393.9157,,0.8367,1.5843,1.6444,1.1719,1.1719,3287912.7353
1398,2016-07-12,391.161,,0.8308,1.5732,1.6329,1.1801,1.1801,3264920.3385
1399,2016-07-11,385.6517,,0.8191,1.551,1.6099,1.197,1.197,3218935.545
1400,2016-07-08,385.6517,,0.8191,1.551,1.6099,1.197,1.197,3218935.545
1401,2016-07-07,386.5699,,0.8211,1.5547,1.6138,1.1941,1.1941,3226599.6773
1402,2016-07-06,385.6517,,0.8191,1.551,1.6099,1.197,1.197,3218935.545
1403,2016-07-05,388.4064,,0.825,1.5621,1.6214,1.1885,1.1885,3241927.9418
1404,2016-07-04,382.8971,,0.8133,1.54,1.5984,1.2056,1.2056,3195943.1483
1405,2016-07-01,378.306,,0.8035,1.5215,1.5793,1.2202,1.2202,3157622.487
1406,2016-06-30,379.2242,,0.8055,1.5252,1.5831,1.2173,1.2173,3165286.6193
1407,2016-06-29,380.1424,,0.8074,1.5289,1.5869,1.2143,1.2143,3172950.7515
1408,2016-06-28,376.4695,,0.7996,1.5141,1.5716,1.2262,1.2262,3142294.2225
1409,2016-06-27,375.5513,,0.7977,1.5104,1.5678,1.2292,1.2292,3134630.0903
1410,2016-06-24,371.8784,,0.7899,1.4956,1.5524,1.2413,1.2413,3103973.5613
1411,2016-06-23,374.6331,,0.7957,1.5067,1.5639,1.2322,1.2322,3126965.958
1412,2016-06-22,376.4695,,0.7996,1.5141,1.5716,1.2262,1.2262,3142294.2225
1413,2016-06-21,373.7149,,0.7938,1.503,1.5601,1.2352,1.2352,3119301.8258
1414,2016-06-20,375.5513,,0.7977,1.5104,1.5678,1.2292,1.2292,3134630.0903
1415,2016-06-17,379.2242,,0.8055,1.5252,1.5831,1.2173,1.2173,3165286.6193
1416,2016-06-16,379.2242,,0.8055,1.5252,1.5831,1.2173,1.2173,3165286.6193
1417,2016-06-15,384.7335,,0.8172,1.5474,1.6061,1.1998,1.1998,3211271.4128
1418,2016-06-14,382.8971,,0.8133,1.54,1.5984,1.2056,1.2056,3195943.1483
1419,2016-06-13,368.2056,,0.7821,1.4809,1.5371,1.2537,1.2537,3073317.0323
1420,2016-06-08,375.5513,,0.7977,1.5104,1.5678,1.2292,1.2292,3134630.0903
1421,2016-06-07,378.306,,0.8035,1.5215,1.5793,1.2202,1.2202,3157622.487
1422,2016-06-06,379.2242,,0.8055,1.5252,1.5831,1.2173,1.2173,3165286.6193
1423,2016-06-03,380.1424,,0.8074,1.5289,1.5869,1.2143,1.2143,3172950.7515
1424,2016-06-02,379.2242,,0.8055,1.5252,1.5831,1.2173,1.2173,3165286.6193
1425,2016-06-01,380.1424,,0.8074,1.5289,1.5869,1.2143,1.2143,3172950.7515
1426,2016-05-31,381.9788,,0.8113,1.5363,1.5946,1.2085,1.2085,3188279.016
1427,2016-05-30,370.042,,0.786,1.4883,1.5448,1.2475,1.2475,3088645.2968
1428,2016-05-27,372.7967,,0.7918,1.4993,1.5563,1.2382,1.2382,3111637.6935
1429,2016-05-26,375.5513,,0.7977,1.5104,1.5678,1.2292,1.2292,3134630.0903
1430,2016-05-25,373.7149,,0.7938,1.503,1.5601,1.2352,1.2352,3119301.8258
1431,2016-05-24,372.7967,,0.7918,1.4993,1.5563,1.2382,1.2382,3111637.6935
1432,2016-05-23,374.6331,,0.7957,1.5067,1.5639,1.2322,1.2322,3126965.958
1433,2016-05-20,372.7967,,0.7918,1.4993,1.5563,1.2382,1.2382,3111637.6935
1434,2016-05-19,371.8784,,0.7899,1.4956,1.5524,1.2413,1.2413,3103973.5613
1435,2016-05-18,372.7967,,0.7918,1.4993,1.5563,1.2382,1.2382,3111637.6935
1436,2016-05-17,377.3877,,0.8016,1.5178,1.5754,1.2232,1.2232,3149958.3548
1437,2016-05-16,379.2242,,0.8055,1.5252,1.5831,1.2173,1.2173,3165286.6193
1438,2016-05-13,378.306,,0.8035,1.5215,1.5793,1.2202,1.2202,3157622.487
1439,2016-05-12,377.3877,,0.8016,1.5178,1.5754,1.2232,1.2232,3149958.3548
1440,2016-05-11,378.306,,0.8035,1.5215,1.5793,1.2202,1.2202,3157622.487
1441,2016-05-10,378.306,,0.8035,1.5215,1.5793,1.2202,1.2202,3157622.487
1442,2016-05-09,378.306,,0.8035,1.5215,1.5793,1.2202,1.2202,3157622.487
1443,2016-05-06,391.161,,0.8308,1.5732,1.6329,1.1801,1.1801,3264920.3385
1444,2016-05-05,399.425,,0.8484,1.6064,1.6674,1.1557,1.1557,3333897.5288
1445,2016-05-04,400.3432,,0.8503,1.6101,1.6713,1.153,1.153,3341561.661
1446,2016-05-03,400.3432,,0.8503,1.6101,1.6713,1.153,1.153,3341561.661
1447,2016-04-29,392.9975,,0.8347,1.5806,1.6406,1.1746,1.1746,3280248.603
1448,2016-04-28,397.5886,,0.8445,1.5991,1.6598,1.161,1.161,3318569.2643
1449,2016-04-27,401.2614,,0.8523,1.6138,1.6751,1.1504,1.1504,3349225.7933
1450,2016-04-26,404.0161,,0.8581,1.6249,1.6866,1.1426,1.1426,3372218.19
1451,2016-04-25,402.1796,,0.8542,1.6175,1.6789,1.1478,1.1478,3356889.9255
1452,2016-04-22,404.9343,404.9343,0.8463,1.6286,1.6286,1.1338,1.1338,3379882.3223
1453,2016-04-21,404.0161,404.0161,0.8444,1.6249,1.6249,1.1364,1.1364,3372218.19
1454,2016-04-20,406.7707,406.7707,0.8502,1.636,1.636,1.1287,1.1287,3395210.5868
1455,2016-04-19,421.4622,421.4622,0.8809,1.6951,1.6951,1.0893,1.0893,3517836.7028
1456,2016-04-18,420.544,420.544,0.8789,1.6914,1.6914,1.0917,1.0917,3510172.5705
1457,2016-04-15,433.3991,433.3991,0.9058,1.7431,1.7431,1.0593,1.0593,3617470.422
1458,2016-04-14,440.7448,440.7448,0.9212,1.7726,1.7726,1.0417,1.0417,3678783.48
1459,2016-04-13,437.9902,437.9902,0.9154,1.7615,1.7615,1.0482,1.0482,3655791.0833
1460,2016-04-12,426.9715,426.9715,0.8924,1.7172,1.7172,1.0753,1.0753,3563821.4963
1461,2016-04-11,429.7262,429.7262,0.8981,1.7283,1.7283,1.0684,1.0684,3586813.893
1462,2016-04-08,415.9529,415.9529,0.8693,1.6729,1.6729,1.1038,1.1038,3471851.9093
1463,2016-04-07,418.7076,418.7076,0.8751,1.684,1.684,1.0965,1.0965,3494844.306
1464,2016-04-06,426.0533,426.0533,0.8905,1.7135,1.7135,1.0776,1.0776,3556157.364
1465,2016-04-05,428.808,428.808,0.8962,1.7246,1.7246,1.0707,1.0707,3579149.7608
1466,2016-04-01,424.2169,424.2169,0.8866,1.7061,1.7061,1.0823,1.0823,3540829.0995
1467,2016-03-31,421.4622,421.4622,0.8809,1.6951,1.6951,1.0893,1.0893,3517836.7028
1468,2016-03-30,59.345,,0.8934,1.3638,1.6758,1.0929,1.0929,3525500.835
1469,2016-03-29,57.1519,,0.8604,1.3134,1.6138,1.1348,1.1348,3395210.5868
1470,2016-03-28,58.0549,,0.874,1.3341,1.6393,1.1172,1.1172,3448859.5125
1471,2016-03-25,58.313,,0.8779,1.34,1.6466,1.1122,1.1122,3464187.777
1472,2016-03-24,57.7969,,0.8701,1.3282,1.632,1.1222,1.1222,3433531.248
1473,2016-03-23,59.4741,,0.8953,1.3667,1.6794,1.0905,1.0905,3533164.9673
1474,2016-03-22,59.216,,0.8915,1.3608,1.6721,1.0953,1.0953,3517836.7028
1475,2016-03-21,60.3771,,0.9089,1.3875,1.7049,1.0742,1.0742,3586813.893
1476,2016-03-18,58.958,,0.8876,1.3549,1.6648,1.1001,1.1001,3502508.4383
1477,2016-03-17,58.1839,,0.8759,1.3371,1.643,1.1147,1.1147,3456523.6448
1478,2016-03-16,57.1519,,0.8604,1.3134,1.6138,1.1348,1.1348,3395210.5868
1479,2016-03-15,57.9259,,0.872,1.3312,1.6357,1.1197,1.1197,3441195.3803
1480,2016-03-14,57.7969,,0.8701,1.3282,1.632,1.1222,1.1222,3433531.248
1481,2016-03-11,56.3778,,0.8487,1.2956,1.592,1.1504,1.1504,3349225.7933
1482,2016-03-10,56.3778,,0.8487,1.2956,1.592,1.1504,1.1504,3349225.7933
1483,2016-03-09,56.6358,,0.8526,1.3015,1.5993,1.1452,1.1452,3364554.0578
1484,2016-03-08,57.7969,,0.8701,1.3282,1.632,1.1222,1.1222,3433531.248
1485,2016-03-07,58.313,,0.8779,1.34,1.6466,1.1122,1.1122,3464187.777
1486,2016-03-04,57.7969,,0.8701,1.3282,1.632,1.1222,1.1222,3433531.248
1487,2016-03-03,56.7648,,0.8546,1.3045,1.6029,1.1426,1.1426,3372218.19
1488,2016-03-02,56.6358,,0.8526,1.3015,1.5993,1.1452,1.1452,3364554.0578
1489,2016-03-01,53.6686,,0.8079,1.2333,1.5155,1.2085,1.2085,3188279.016
1490,2016-02-29,52.7655,,0.7944,1.2126,1.49,1.2292,1.2292,3134630.0903
1491,2016-02-26,54.4426,,0.8196,1.2511,1.5373,1.1913,1.1913,3234263.8095
1492,2016-02-25,54.1846,,0.8157,1.2452,1.53,1.197,1.197,3218935.545
1493,2016-02-24,58.442,,0.8798,1.343,1.6503,1.1098,1.1098,3471851.9093
1494,2016-02-23,58.0549,,0.874,1.3341,1.6393,1.1172,1.1172,3448859.5125
1495,2016-02-22,59.087,,0.8895,1.3578,1.6685,1.0977,1.0977,3510172.5705
1496,2016-02-19,57.9259,,0.872,1.3312,1.6357,1.1197,1.1197,3441195.3803
1497,2016-02-18,58.571,,0.8817,1.346,1.6539,1.1073,1.1073,3479516.0415
1498,2016-02-17,56.8938,,0.8565,1.3074,1.6065,1.14,1.14,3379882.3223
1499,2016-02-16,56.2488,,0.8468,1.2926,1.5883,1.153,1.153,3341561.661
1500,2016-02-15,54.3136,,0.8177,1.2481,1.5337,1.1941,1.1941,3226599.6773
1501,2016-02-05,55.4747,,0.8351,1.2748,1.5665,1.1691,1.1691,3295576.8675
1502,2016-02-04,55.2167,,0.8313,1.2689,1.5592,1.1746,1.1746,3280248.603
1503,2016-02-03,54.7007,,0.8235,1.257,1.5446,1.1857,1.1857,3249592.074
1504,2016-02-02,54.9587,,0.8274,1.263,1.5519,1.1801,1.1801,3264920.3385
1505,2016-02-01,53.9266,,0.8118,1.2392,1.5228,1.2027,1.2027,3203607.2805
1506,2016-01-29,55.9908,,0.8429,1.2867,1.581,1.1584,1.1584,3326233.3965
1507,2016-01-28,55.4747,,0.8351,1.2748,1.5665,1.1691,1.1691,3295576.8675
1508,2016-01-27,55.3457,,0.8332,1.2719,1.5628,1.1719,1.1719,3287912.7353
1509,2016-01-26,54.7007,,0.8235,1.257,1.5446,1.1857,1.1857,3249592.074
1510,2016-01-25,59.6031,,0.8973,1.3697,1.683,1.0882,1.0882,3540829.0995
1511,2016-01-22,59.087,,0.8895,1.3578,1.6685,1.0977,1.0977,3510172.5705
1512,2016-01-21,58.958,,0.8876,1.3549,1.6648,1.1001,1.1001,3502508.4383
1513,2016-01-20,60.2481,,0.907,1.3845,1.7013,1.0765,1.0765,3579149.7608
1514,2016-01-19,61.2802,,0.9225,1.4082,1.7304,1.0584,1.0584,3640462.8188
1515,2016-01-18,59.4741,,0.8953,1.3667,1.6794,1.0905,1.0905,3533164.9673
1516,2016-01-15,59.4741,,0.8953,1.3667,1.6794,1.0905,1.0905,3533164.9673
1517,2016-01-14,63.0864,,0.9497,1.4497,1.7814,1.0281,1.0281,3747760.6703
1518,2016-01-13,62.5703,,0.942,1.4379,1.7668,1.0366,1.0366,3717104.1413
1519,2016-01-12,63.6024,,0.9575,1.4616,1.796,1.0197,1.0197,3778417.1993
1520,2016-01-11,63.4734,,0.9556,1.4586,1.7923,1.0218,1.0218,3770753.067
1521,2016-01-08,65.0215,,0.9789,1.4942,1.8361,0.9975,0.9975,3862722.654
1522,2016-01-07,62.4413,,0.94,1.4349,1.7632,1.0387,1.0387,3709440.009
1523,2016-01-06,67.2147,,1.0119,1.5446,1.898,0.9649,0.9649,3993012.9023
1524,2016-01-05,65.2796,,0.9827,1.5001,1.8433,0.9935,0.9935,3878050.9185
1525,2016-01-04,63.9894,,0.9633,1.4705,1.8069,1.0136,1.0136,3801409.596
1526,2015-12-31,69.0209,,1.0391,1.5861,1.949,2.819,0.9397,4100310.7538
1527,2015-12-30,69.7949,,1.0507,1.6039,1.9708,2.7878,0.9293,4146295.5473
1528,2015-12-29,69.6659,,1.0488,1.6009,1.9672,2.7929,0.931,4138631.415
1529,2015-12-28,69.6659,,1.0488,1.6009,1.9672,2.7929,0.931,4138631.415
1530,2015-12-25,72.3752,,1.0896,1.6632,2.0437,2.6884,0.8961,4299578.1923
1531,2015-12-24,71.9881,,1.0837,1.6543,2.0328,2.7028,0.9009,4276585.7955
1532,2015-12-23,71.6011,,1.0779,1.6454,2.0218,2.7175,0.9058,4253593.3988
1533,2015-12-22,70.956,,1.0682,1.6306,2.0036,2.7422,0.9141,4215272.7375
1534,2015-12-21,71.2141,,1.0721,1.6365,2.0109,2.7322,0.9107,4230601.002
1535,2015-12-18,69.7949,,1.0507,1.6039,1.9708,2.7878,0.9293,4146295.5473
1536,2015-12-17,70.311,,1.0585,1.6158,1.9854,2.7673,0.9224,4176952.0763
1537,2015-12-16,68.7628,,1.0352,1.5802,1.9417,2.8296,0.9432,4084982.4893
1538,2015-12-15,69.4079,,1.0449,1.595,1.9599,2.8033,0.9344,4123303.1505
1539,2015-12-14,69.9239,,1.0527,1.6069,1.9745,2.7826,0.9275,4153959.6795
1540,2015-12-11,68.1178,,1.0255,1.5654,1.9235,2.8564,0.9521,4046661.828
1541,2015-12-10,68.2468,,1.0274,1.5683,1.9271,2.851,0.9503,4054325.9603
1542,2015-12-09,69.4079,,1.0449,1.595,1.9599,2.8033,0.9344,4123303.1505
1543,2015-12-08,69.0209,,1.0391,1.5861,1.949,2.819,0.9397,4100310.7538
1544,2015-12-07,72.5042,,1.0915,1.6662,2.0473,2.6836,0.8945,4307242.3245
1545,2015-12-04,72.6332,,1.0934,1.6691,2.051,2.6788,0.8929,4314906.4568
1546,2015-12-03,73.9233,,1.1129,1.6988,2.0874,2.6321,0.8774,4391547.7793
1547,2015-12-02,73.5363,,1.107,1.6899,2.0765,2.6459,0.882,4368555.3825
1548,2015-12-01,66.8277,,1.006,1.5357,1.8871,2.9116,0.9705,3970020.5055
1549,2015-11-30,65.7956,,0.9905,1.512,1.8579,2.9572,0.9857,3908707.4475
1550,2015-11-27,65.6666,,0.9886,1.509,1.8543,2.963,0.9877,3901043.3153
1551,2015-11-26,70.44,,1.0604,1.6187,1.9891,2.7622,0.9207,4184616.2085
1552,2015-11-25,71.2141,,1.0721,1.6365,2.0109,2.7322,0.9107,4230601.002
1553,2015-11-24,71.2141,,1.0721,1.6365,2.0109,2.7322,0.9107,4230601.002
1554,2015-11-23,71.7301,,1.0799,1.6484,2.0255,2.7126,0.9042,4261257.531
1555,2015-11-20,72.8912,,1.0973,1.6751,2.0583,2.6694,0.8898,4330234.7213
1556,2015-11-19,72.1171,,1.0857,1.6573,2.0364,2.698,0.8993,4284249.9278
1557,2015-11-18,71.3431,,1.074,1.6395,2.0146,2.7273,0.9091,4238265.1343
1558,2015-11-17,71.2141,,1.0721,1.6365,2.0109,2.7322,0.9107,4230601.002
1559,2015-11-16,70.827,,1.0663,1.6276,2.0,2.7471,0.9157,4207608.6053
1560,2015-11-13,70.311,,1.0585,1.6158,1.9854,2.7673,0.9224,4176952.0763
1561,2015-11-12,72.1171,,1.0857,1.6573,2.0364,2.698,0.8993,4284249.9278
1562,2015-11-11,73.6781,,1.1092,1.6931,2.0805,2.6553,0.8851,4376981.9004
1563,2015-11-10,72.7701,,1.0955,1.6723,2.0549,2.6738,0.8913,4323040.2221
1564,2015-11-09,72.7701,,1.0955,1.6723,2.0549,2.6738,0.8913,4323040.2221
1565,2015-11-06,71.7324,,1.0799,1.6484,2.0255,2.7125,0.9042,4261392.5897
1566,2015-11-05,71.2135,,1.0721,1.6365,2.0109,2.7322,0.9107,4230568.7735
1567,2015-11-04,69.7867,,1.0506,1.6037,1.9706,2.7881,0.9294,4145803.2789
1568,2015-11-03,67.4518,,1.0154,1.5501,1.9047,2.8846,0.9615,4007096.106
1569,2015-11-02,67.3221,,1.0135,1.5471,1.901,2.8902,0.9634,3999390.152
1570,2015-10-30,67.8409,,1.0042,1.559,1.7965,2.8681,0.956,4030213.9682
1571,2015-10-29,68.3598,,1.0119,1.5709,1.8102,2.8463,0.9488,4061037.7844
1572,2015-10-28,68.4895,,1.0138,1.5739,1.8137,2.8409,0.947,4068743.7384
1573,2015-10-27,69.3975,,1.0272,1.5948,1.8377,2.8037,0.9346,4122685.4168
1574,2015-10-26,70.3055,,1.0407,1.6156,1.8618,2.7675,0.9225,4176627.0951
1575,2015-10-23,69.1381,,1.0234,1.5888,1.8308,2.8143,0.9381,4107273.5087
1576,2015-10-22,68.7489,,1.0176,1.5799,1.8205,2.8302,0.9434,4084155.6465
1577,2015-10-21,67.9706,,1.0061,1.562,1.7999,2.8626,0.9542,4037919.9222
1578,2015-10-20,71.0838,,1.0522,1.6335,1.8824,2.7372,0.9124,4222862.8194
1579,2015-10-19,69.7867,,1.033,1.6037,1.848,2.7881,0.9294,4145803.2789
1580,2015-10-16,70.5649,,1.0445,1.6216,1.8686,2.7574,0.9191,4192039.0032
1581,2015-10-15,69.9164,,1.0349,1.6067,1.8515,2.7829,0.9276,4153509.233
1582,2015-10-14,68.3598,,1.0119,1.5709,1.8102,2.8463,0.9488,4061037.7844
1583,2015-10-13,69.9164,,1.0349,1.6067,1.8515,2.7829,0.9276,4153509.233
1584,2015-10-12,70.3055,,1.0407,1.6156,1.8618,2.7675,0.9225,4176627.0951
1585,2015-10-09,67.7112,,1.0023,1.556,1.7931,2.8736,0.9579,4022508.0141
1586,2015-10-08,66.6735,,0.9869,1.5322,1.7656,2.9183,0.9728,3960860.3817
1587,2015-09-30,64.7278,,0.9581,1.4875,1.7141,3.006,1.002,3845271.071
1588,2015-09-29,64.2089,,0.9504,1.4755,1.7003,3.0303,1.0101,3814447.2548
1589,2015-09-28,65.7655,,0.9735,1.5113,1.7415,2.9586,0.9862,3906918.7034
1590,2015-09-25,65.3763,,0.9677,1.5024,1.7312,2.9762,0.9921,3883800.8412
1591,2015-09-24,67.3221,,0.9965,1.5471,1.7828,2.8902,0.9634,3999390.152
1592,2015-09-23,66.8032,,0.9888,1.5352,1.769,2.9126,0.9709,3968566.3358
1593,2015-09-22,68.7489,,1.0176,1.5799,1.8205,2.8302,0.9434,4084155.6465
1594,2015-09-21,68.6192,,1.0157,1.5769,1.8171,2.8355,0.9452,4076449.6925
1595,2015-09-18,67.1924,,0.9946,1.5441,1.7793,2.8958,0.9653,3991684.1979
1596,2015-09-17,66.5438,,0.985,1.5292,1.7621,2.924,0.9747,3953154.4277
1597,2015-09-16,68.4895,,1.0138,1.5739,1.8137,2.8409,0.947,4068743.7384
1598,2015-09-15,63.3009,,0.937,1.4547,1.6763,3.0738,1.0246,3760505.5764
1599,2015-09-14,67.7112,,1.0023,1.556,1.7931,2.8736,0.9579,4022508.0141
1600,2015-09-11,71.6027,,1.0599,1.6455,1.8961,2.7174,0.9058,4253686.6356
1601,2015-09-10,71.4729,,1.058,1.6425,1.8927,2.7223,0.9074,4245980.6816
1602,2015-09-09,73.8078,,1.0925,1.6961,1.9545,2.6362,0.8787,4384687.8545
1603,2015-09-08,72.2512,,1.0695,1.6604,1.9133,2.693,0.8977,4292216.4059
1604,2015-09-07,69.9164,,1.0349,1.6067,1.8515,2.7829,0.9276,4153509.233
1605,2015-09-02,69.3975,,1.0272,1.5948,1.8377,2.8037,0.9346,4122685.4168
1606,2015-09-01,74.5861,,1.1041,1.714,1.9751,2.6087,0.8696,4430923.5788
1607,2015-08-31,74.5861,,1.1041,1.714,1.9751,2.6087,0.8696,4430923.5788
1608,2015-08-28,73.1592,,1.0871,1.6812,1.7909,2.6596,0.8865,4346158.0842
1609,2015-08-27,68.1004,,1.012,1.565,1.6671,2.8571,0.9524,4045625.8763
1610,2015-08-26,64.8575,,0.9638,1.4904,1.5877,3.0,1.0,3852977.025
1611,2015-08-25,65.7655,,0.9773,1.5113,1.6099,2.9586,0.9862,3906918.7034
1612,2015-08-24,73.0295,,1.0852,1.6782,1.7877,2.6643,0.8881,4338452.1302
1613,2015-08-21,81.0719,,1.2047,1.8631,1.9846,2.4,0.8,4816221.2813
1614,2015-08-20,85.8713,,1.276,1.9733,2.1021,2.2659,0.7553,5101341.5811
1615,2015-08-19,89.633,,1.3319,2.0598,2.1942,2.1708,0.7236,5324814.2486
1616,2015-08-18,87.0387,,1.2934,2.0002,2.1306,2.2355,0.7452,5170695.1676
1617,2015-08-17,96.7674,,1.4379,2.2237,2.3688,2.0107,0.6702,5748641.7213
1618,2015-08-14,95.4702,,1.4187,2.1939,2.337,2.038,0.6793,5671582.1808
1619,2015-08-13,97.4159,,1.4476,2.2386,2.3847,1.9973,0.6658,5787171.4916
1620,2015-08-12,93.3948,,1.3878,2.1462,2.2862,2.0833,0.6944,5548286.916
1621,2015-08-11,96.6376,,1.436,2.2208,2.3656,2.0134,0.6711,5740935.7673
1622,2015-08-10,87.817,,1.3049,2.0181,2.1497,2.2157,0.7386,5216930.8919
1623,2015-08-07,83.9256,,1.2471,1.9286,2.0544,2.3184,3.0912,4985752.2704
1624,2015-08-06,83.1473,,1.2238,1.9107,2.0354,2.3401,2.3401,4939516.5461
1625,2015-08-05,85.7416,,1.2619,1.9704,2.0989,2.2693,2.2693,5093635.6271
1626,2015-08-04,84.8336,,1.2486,1.9495,2.0767,2.2936,2.2936,5039693.9487
1627,2015-08-03,82.8879,,1.2199,1.9048,2.029,2.3474,2.3474,4924104.638
1628,2015-07-31,77.6993,,1.1436,1.7856,1.902,2.5042,2.5042,4615866.476
1629,2015-07-30,76.1427,,1.1207,1.7498,1.8639,2.5554,2.5554,4523395.0274
1630,2015-07-29,79.2558,,1.1665,1.8213,1.9401,2.455,2.455,4708337.9246
1631,2015-07-28,75.8833,,1.1168,1.7438,1.8576,2.5641,2.5641,4507983.1193
1632,2015-07-27,76.5318,,1.1264,1.7587,1.8734,2.5424,2.5424,4546512.8895
1633,2015-07-24,84.9633,,1.2505,1.9525,2.0798,2.2901,2.2901,5047399.9028
1634,2015-07-23,87.2982,,1.2849,2.0061,2.137,2.2288,2.2288,5186107.0757
1635,2015-07-22,84.8336,,1.2486,1.9495,2.0767,2.2936,2.2936,5039693.9487
1636,2015-07-21,84.8336,,1.2486,1.9495,2.0767,2.2936,2.2936,5039693.9487
1637,2015-07-20,84.185,,1.239,1.9346,2.0608,2.3112,2.3112,5001164.1785
1638,2015-07-17,84.185,,1.239,1.9346,2.0608,2.3112,2.3112,5001164.1785
1639,2015-07-16,79.9044,,1.176,1.8362,1.956,2.4351,2.4351,4746867.6948
1640,2015-07-15,78.3478,,1.1531,1.8005,1.9179,2.4834,2.4834,4654396.2462
1641,2015-07-14,87.0387,,1.281,2.0002,2.1306,2.2355,2.2355,5170695.1676
1642,2015-07-13,93.0056,,1.3689,2.1373,2.2767,2.0921,2.0921,5525169.0539
1643,2015-07-10,84.5742,,1.2448,1.9435,2.0703,2.3006,2.3006,5024282.0406
1644,2015-07-09,76.921,,1.1321,1.7677,1.883,2.5295,2.5295,4569630.7517
1645,2015-07-08,69.9164,,1.029,1.6067,1.7115,2.7829,2.7829,4153509.233
1646,2015-07-07,77.6993,,1.1436,1.7856,1.902,2.5042,2.5042,4615866.476
1647,2015-07-06,83.5364,,1.2295,1.9197,2.0449,2.3292,2.3292,4962634.4082
1648,2015-07-03,82.4987,,1.2142,1.8958,2.0195,2.3585,2.3585,4900986.7758
1649,2015-07-02,91.7085,,1.3498,2.1075,2.245,2.1216,2.1216,5448109.5134
1650,2015-07-01,98.4537,,1.449,2.2625,2.4101,1.9763,1.9763,5848819.124
1651,2015-06-30,105.1988,,1.5483,2.4175,2.5752,1.8496,1.8496,6249528.7346
1652,2015-06-29,98.3239,,1.4471,2.2595,2.4069,1.9789,1.9789,5841113.1699
1653,2015-06-26,103.2531,,1.5197,2.3728,2.5276,1.8844,1.8844,6133939.4238
1654,2015-06-25,113.1114,,1.6648,2.5993,2.7689,1.7202,1.7202,6719591.9316
1655,2015-06-24,114.668,,1.6877,2.6351,2.807,1.6968,1.6968,6812063.3802
1656,2015-06-23,111.4252,,1.64,2.5606,2.7276,1.7462,1.7462,6619414.529
1657,2015-06-19,108.0526,,1.5903,2.4831,2.6451,1.8007,1.8007,6419059.7237
1658,2015-06-18,118.5595,,1.745,2.7245,2.9023,1.6411,1.6411,7043242.0017
1659,2015-06-17,123.2292,,1.8137,2.8318,3.0166,1.5789,1.5789,7320656.3475
1660,2015-06-16,122.3212,,1.8003,2.811,2.9943,1.5907,1.5907,7266714.6692
1661,2015-06-15,129.4555,,1.9053,2.9749,3.169,1.503,1.503,7690542.1419
1662,2015-06-12,133.8658,,1.9702,3.0763,3.2769,1.4535,1.4535,7952544.5796
1663,2015-06-11,130.8824,,1.9263,3.0077,3.2039,1.4866,1.4866,7775307.6365
1664,2015-06-10,129.1961,,1.9015,2.969,3.1626,1.506,1.506,7675130.2338
1665,2015-06-09,129.8447,,1.9111,2.9839,3.1785,1.4985,1.4985,7713660.0041
1666,2015-06-08,132.5687,,1.9511,3.0465,3.2452,1.4677,1.4677,7875485.0391
1667,2015-06-05,131.1418,,1.9301,3.0137,3.2103,1.4837,1.4837,7790719.5446
1668,2015-06-04,131.4013,,1.934,3.0196,3.2166,1.4808,1.4808,7806131.4527
1669,2015-06-03,134.6441,,1.9817,3.0942,3.296,1.4451,1.4451,7998780.3039
1670,2015-06-02,127.3801,,1.8748,2.9272,3.1182,1.5275,1.5275,7567246.8771
1671,2015-05-29,115.8355,,1.7049,2.6619,2.8356,1.6797,1.6797,6881416.9667
1672,2015-05-28,112.2034,,1.6514,2.5785,2.7467,1.7341,1.7341,6665650.2533
1673,2015-05-27,113.1114,,1.6648,2.5993,2.7689,1.7202,1.7202,6719591.9316
1674,2015-05-26,109.8686,,1.617,2.5248,2.6895,1.771,1.771,6526943.0804
1675,2015-05-25,108.0526,,1.5903,2.4831,2.6451,1.8007,1.8007,6419059.7237
1676,2015-05-22,105.1988,,1.5483,2.4175,2.5752,1.8496,1.8496,6249528.7346
1677,2015-05-21,105.0691,,1.5464,2.4145,2.572,1.8519,1.8519,6241822.7805
1678,2015-05-20,99.7508,,1.4681,2.2923,2.4418,1.9506,1.9506,5925878.6645
1679,2015-05-19,100.0102,,1.4719,2.2983,2.4482,1.9455,1.9455,5941290.5726
1680,2015-05-18,96.2485,,1.4166,2.2118,2.3561,2.0216,2.0216,5717817.9051
1681,2015-05-15,97.5457,,1.4357,2.2416,2.3879,1.9947,1.9947,5794877.4456
1682,2015-05-14,97.6754,,1.4376,2.2446,2.391,1.992,1.992,5802583.3997
1683,2015-05-13,99.4914,,1.4643,2.2863,2.4355,1.9557,1.9557,5910466.7564
1684,2015-05-12,98.3239,,1.4471,2.2595,2.4069,1.9789,1.9789,5841113.1699
1685,2015-05-11,98.5834,,1.4509,2.2655,2.4133,1.9737,1.9737,5856525.078
1686,2015-05-08,94.1731,,1.386,2.1641,2.3053,2.0661,2.0661,5594522.6403
1687,2015-05-07,91.8382,,1.3517,2.1105,2.2481,2.1186,2.1186,5455815.4674
1688,2015-05-06,93.1353,,1.3708,2.1403,2.2799,2.0891,2.0891,5532875.0079
1689,2015-05-05,96.3782,,1.4185,2.2148,2.3593,2.0188,2.0188,5725523.8592
1690,2015-05-04,103.5125,,1.5235,2.3787,2.5339,1.8797,1.8797,6149351.3319
1691,2015-04-30,101.956,,1.5006,2.343,2.4958,1.9084,1.9084,6056879.8833
1692,2015-04-29,103.772,103.772,1.5098,2.3847,2.3847,1.875,1.875,6164763.24
1693,2015-04-28,103.6423,103.6423,1.5079,2.3817,2.3817,1.8773,1.8773,6157057.286
1694,2015-04-27,108.0526,108.0526,1.5721,2.4831,2.4831,1.8007,1.8007,6419059.7237
1695,2015-04-24,104.5503,104.5503,1.5212,2.4026,2.4026,1.861,1.861,6210998.9643
1696,2015-04-23,107.2743,107.2743,1.5608,2.4652,2.4652,1.8138,1.8138,6372823.9994
1697,2015-04-22,107.7931,107.7931,1.5683,2.4771,2.4771,1.8051,1.8051,6403647.8156
1698,2015-04-21,105.8474,105.8474,1.54,2.4324,2.4324,1.8382,1.8382,6288058.5048
1699,2015-04-20,105.1988,105.1988,1.5306,2.4175,2.4175,1.8496,1.8496,6249528.7346
1700,2015-04-17,103.6423,103.6423,1.5079,2.3817,2.3817,1.8773,1.8773,6157057.286
1701,2015-04-16,98.1942,98.1942,1.4287,2.2565,2.2565,1.9815,1.9815,5833407.2159
1702,2015-04-15,97.0268,97.0268,1.4117,2.2297,2.2297,2.0053,2.0053,5764053.6294
1703,2015-04-14,101.956,101.956,1.4834,2.343,2.343,1.9084,1.9084,6056879.8833
1704,2015-04-13,99.8805,99.8805,1.4532,2.2953,2.2953,1.9481,1.9481,5933584.6185
1705,2015-04-10,97.6754,97.6754,1.4211,2.2446,2.2446,1.992,1.992,5802583.3997
1706,2015-04-09,96.8971,96.8971,1.4098,2.2267,2.2267,2.008,2.008,5756347.6754
1707,2015-04-08,100.5291,100.5291,1.4626,2.3102,2.3102,1.9355,1.9355,5972114.3888
1708,2015-04-07,100.2697,100.2697,1.4589,2.3042,2.3042,1.9405,1.9405,5956702.4807
1709,2015-04-03,96.8971,96.8971,1.4098,2.2267,2.2267,2.008,2.008,5756347.6754
1710,2015-04-02,95.9891,95.9891,1.3966,2.2059,2.2059,2.027,2.027,5702405.997
1711,2015-04-01,96.7674,96.7674,1.4079,2.2237,2.2237,2.0107,2.0107,5748641.7213
1712,2015-03-31,94.9514,94.9514,1.3815,2.182,2.182,2.0492,2.0492,5640758.3646
1713,2015-03-30,98.0645,98.0645,1.4268,2.2536,2.2536,1.9841,1.9841,5825701.2618
1714,2015-03-27,13.7901,50.6933,1.278,1.3736,1.8,2.1834,2.1834,5293990.4324
1715,2015-03-26,13.8503,50.9147,1.2835,1.3796,1.8079,2.1739,2.1739,5317108.2945
1716,2015-03-25,13.6496,50.1768,1.2649,1.3596,1.7817,2.2059,2.2059,5240048.754
1717,2015-03-24,13.4489,49.4389,1.2463,1.3396,1.7555,2.2388,2.2388,5162989.2135
1718,2015-03-23,13.6496,50.1768,1.2649,1.3596,1.7817,2.2059,2.2059,5240048.754
1719,2015-03-20,13.4489,49.4389,1.2463,1.3396,1.7555,2.2388,2.2388,5162989.2135
1720,2015-03-19,13.5693,49.8816,1.2575,1.3516,1.7712,2.2189,2.2189,5209224.9378
1721,2015-03-18,13.4087,49.2913,1.2426,1.3356,1.7502,2.2455,2.2455,5147577.3054
1722,2015-03-17,13.2281,48.6272,1.2259,1.3176,1.7267,2.2762,2.2762,5078223.719
1723,2015-03-16,12.8467,47.2252,1.1905,1.2796,1.6769,2.3438,2.3438,4931810.592
1724,2015-03-13,12.646,46.4873,1.1719,1.2596,1.6507,2.381,2.381,4854751.0515
1725,2015-03-12,12.5456,46.1184,1.1626,1.2496,1.6376,2.4,2.4,4816221.2813
1726,2015-03-11,12.4854,45.897,1.157,1.2436,1.6297,2.4116,2.4116,4793103.4191
1727,2015-03-10,12.5657,46.1922,1.1645,1.2516,1.6402,2.3962,2.3962,4823927.2353
1728,2015-03-09,12.6058,46.3398,1.1682,1.2556,1.6454,2.3885,2.3885,4839339.1434
1729,2015-03-06,12.4854,45.897,1.157,1.2436,1.6297,2.4116,2.4116,4793103.4191
1730,2015-03-05,12.5456,46.1184,1.1626,1.2496,1.6376,2.4,2.4,4816221.2813
1731,2015-03-04,12.5857,46.266,1.1663,1.2536,1.6428,2.3923,2.3923,4831633.1894
1732,2015-03-03,12.385,45.5281,1.1477,1.2336,1.6166,2.4311,2.4311,4754573.6489
1733,2015-03-02,12.7463,46.8563,1.1812,1.2696,1.6638,2.3622,2.3622,4893280.8218
1734,2015-02-27,12.5657,46.1922,1.1645,1.2516,1.6402,2.3962,2.3962,4823927.2353
1735,2015-02-26,12.7062,46.7087,1.1775,1.2656,1.6585,2.3697,2.3697,4877868.9137
1736,2015-02-25,12.104,44.495,1.1217,1.2056,1.5799,2.4876,2.4876,4646690.2922
1737,2015-02-17,12.2044,44.864,1.131,1.2156,1.593,2.4671,2.4671,4685220.0624
1738,2015-02-16,12.1843,44.7902,1.1291,1.2136,1.5904,2.4712,2.4712,4677514.1084
1739,2015-02-13,12.1441,44.6426,1.1254,1.2096,1.5852,2.4793,2.4793,4662102.2003
1740,2015-02-12,12.0438,44.2737,1.1161,1.1996,1.5721,2.5,2.5,4623572.43
1741,2015-02-11,11.9836,44.0523,1.1105,1.1936,1.5642,2.5126,2.5126,4600454.5679
1742,2015-02-10,11.843,43.5358,1.0975,1.1796,1.5459,2.5424,2.5424,4546512.8895
1743,2015-02-09,11.6423,42.7979,1.0789,1.1596,1.5197,2.5862,2.5862,4469453.349
1744,2015-02-06,11.7025,43.0192,1.0845,1.1656,1.5275,2.5729,2.5729,4492571.2112
1745,2015-02-05,12.0839,44.4212,1.1198,1.2036,1.5773,2.4917,2.4917,4638984.3381
1746,2015-02-04,12.2044,44.864,1.131,1.2156,1.593,2.4671,2.4671,4685220.0624
1747,2015-02-03,12.2847,45.1591,1.1384,1.2236,1.6035,2.451,2.451,4716043.8786
1748,2015-02-02,12.104,44.495,1.1217,1.2056,1.5799,2.4876,2.4876,4646690.2922
1749,2015-01-30,12.2847,45.1591,1.1384,1.2236,1.6035,2.451,2.451,4716043.8786
1750,2015-01-29,12.3047,45.2329,1.1403,1.2256,1.6061,2.447,2.447,4723749.8327
1751,2015-01-28,12.4854,45.897,1.157,1.2436,1.6297,2.4116,2.4116,4793103.4191
1752,2015-01-27,12.7463,46.8563,1.1812,1.2696,1.6638,2.3622,2.3622,4893280.8218
1753,2015-01-26,12.5857,46.266,1.1663,1.2536,1.6428,2.3923,2.3923,4831633.1894
1754,2015-01-23,12.385,45.5281,1.1477,1.2336,1.6166,2.4311,2.4311,4754573.6489
1755,2015-01-22,12.5857,46.266,1.1663,1.2536,1.6428,2.3923,2.3923,4831633.1894
1756,2015-01-21,12.4854,45.897,1.157,1.2436,1.6297,2.4116,2.4116,4793103.4191
1757,2015-01-20,12.0638,44.3474,1.118,1.2016,1.5747,2.4958,2.4958,4631278.3841
1758,2015-01-19,11.9635,43.9785,1.1087,1.1916,1.5616,2.5168,2.5168,4592748.6138
1759,2015-01-16,13.1879,48.4796,1.2222,1.3136,1.7214,2.2831,2.2831,5062811.8109
1760,2015-01-15,13.1277,48.2583,1.2166,1.3076,1.7136,2.2936,2.2936,5039693.9487
1761,2015-01-14,12.6861,46.6349,1.1756,1.2636,1.6559,2.3734,2.3734,4870162.9596
1762,2015-01-13,12.8868,47.3728,1.1942,1.2836,1.6821,2.3364,2.3364,4947222.5001
1763,2015-01-12,12.8266,47.1514,1.1887,1.2776,1.6743,2.3474,2.3474,4924104.638
1764,2015-01-09,13.469,49.5127,1.2482,1.3416,1.7581,2.2355,2.2355,5170695.1676
1765,2015-01-08,13.6496,50.1768,1.2649,1.3596,1.7817,2.2059,2.2059,5240048.754
1766,2015-01-07,14.1514,52.0215,1.3114,1.4096,1.8472,2.1277,2.1277,5432697.6053
1767,2015-01-06,13.9507,51.2836,1.2928,1.3896,1.821,2.1583,2.1583,5355638.0648
1768,2015-01-05,14.312,52.6119,1.3263,1.4256,1.8681,2.1038,2.1038,5494345.2377
1769,2014-12-31,14.1715,52.0953,1.3133,1.4116,1.8498,2.8329,2.1246,5440403.5593
1770,2014-12-30,14.0109,51.505,1.2984,1.3956,1.8288,2.8653,2.149,5378755.9269
1771,2014-12-29,14.2919,52.5381,1.3245,1.4236,1.8655,2.809,2.1067,5486639.2836
1772,2014-12-26,13.9306,51.2099,1.291,1.3876,1.8184,2.8818,2.1614,5347932.1107
1773,2014-12-25,13.7299,50.472,1.2724,1.3676,1.7922,2.924,2.193,5270872.5702
1774,2014-12-24,12.4854,45.897,1.157,1.2436,1.6297,3.2154,2.4116,4793103.4191
1775,2014-12-23,12.666,46.5611,1.1738,1.2616,1.6533,3.1696,2.3772,4862457.0056
1776,2014-12-22,13.5091,49.6603,1.2519,1.3456,1.7633,2.9718,2.2288,5186107.0757
1777,2014-12-19,13.7299,50.472,1.2724,1.3676,1.7922,2.924,2.193,5270872.5702
1778,2014-12-18,12.4854,45.897,1.157,1.2436,1.6297,3.2154,2.4116,4793103.4191
1779,2014-12-17,12.385,45.5281,1.1477,1.2336,1.6166,3.2415,2.4311,4754573.6489
1780,2014-12-16,12.6861,46.6349,1.1756,1.2636,1.6559,3.1646,2.3734,4870162.9596
1781,2014-12-15,12.5657,46.1922,1.1645,1.2516,1.6402,3.1949,2.3962,4823927.2353
1782,2014-12-12,12.3047,45.2329,1.1403,1.2256,1.6061,3.2626,2.447,4723749.8327
1783,2014-12-11,12.4653,45.8232,1.1552,1.2416,1.6271,3.2206,2.4155,4785397.4651
1784,2014-12-10,12.5857,46.266,1.1663,1.2536,1.6428,3.1898,2.3923,4831633.1894
1785,2014-12-09,11.7226,43.093,1.0864,1.1676,1.5301,3.4247,2.5685,4500277.1652
1786,2014-12-08,12.2646,45.0853,1.1366,1.2216,1.6009,3.2733,2.455,4708337.9246
1787,2014-12-05,11.1405,40.9531,1.0324,1.1097,1.4542,3.6036,2.7027,4276804.4978
1788,2014-12-04,11.3211,41.6172,1.0492,1.1276,1.4777,3.5461,2.6596,4346158.0842
1789,2014-12-03,10.9398,40.2152,1.0138,1.0897,1.428,3.6697,2.7523,4199744.9573
1790,2014-12-02,10.7993,39.6987,1.0008,1.0757,1.4096,3.7175,2.7881,4145803.2789
1791,2014-12-01,10.5383,38.7394,0.9766,1.0497,1.3756,3.8095,2.8571,4045625.8763
1792,2014-11-28,10.3576,38.0753,0.9599,1.0317,1.352,3.876,2.907,3976272.2898
1793,2014-11-27,10.3777,38.1491,0.9617,1.0337,1.3546,3.8685,2.9014,3983978.2439
1794,2014-11-26,10.3376,38.0016,0.958,1.0297,1.3494,3.8835,2.9126,3968566.3358
1795,2014-11-25,10.3576,38.0753,0.9599,1.0317,1.352,3.876,2.907,3976272.2898
1796,2014-11-24,10.2974,37.854,0.9543,1.0257,1.3441,3.8986,2.924,3953154.4277
1797,2014-11-21,10.1368,37.2637,0.9394,1.0097,1.3232,3.9604,2.9703,3891506.7953
1798,2014-11-20,9.9763,36.6733,0.9245,0.9937,1.3022,4.0241,3.0181,3829859.1629
1799,2014-11-19,9.9562,36.5996,0.9227,0.9917,1.2996,4.0323,3.0242,3822153.2088
1800,2014-11-18,9.9763,36.6733,0.9245,0.9937,1.3022,4.0241,3.0181,3829859.1629
1801,2014-11-17,10.0766,37.0423,0.9338,1.0037,1.3153,3.9841,2.988,3868388.9331
1802,2014-11-14,9.9763,36.6733,0.9245,0.9937,1.3022,4.0241,3.0181,3829859.1629
1803,2014-11-13,10.0766,37.0423,0.9338,1.0037,1.3153,3.9841,2.988,3868388.9331
1804,2014-11-12,10.1569,37.3374,0.9413,1.0117,1.3258,3.9526,2.9644,3899212.7493
1805,2014-11-11,10.0164,36.8209,0.9282,0.9977,1.3074,4.008,3.006,3845271.071
1806,2014-11-10,10.3175,37.9278,0.9561,1.0277,1.3467,3.8911,2.9183,3960860.3817
1807,2014-11-07,10.1368,37.2637,0.9394,1.0097,1.3232,3.9604,2.9703,3891506.7953
1808,2014-11-06,10.2974,37.854,0.9543,1.0257,1.3441,3.8986,2.924,3953154.4277
1809,2014-11-05,10.3175,37.9278,0.9561,1.0277,1.3467,3.8911,2.9183,3960860.3817
1810,2014-11-04,10.4982,38.5919,0.9729,1.0457,1.3703,3.8241,2.8681,4030213.9682
1811,2014-11-03,9.8357,36.1568,0.9115,0.9797,1.2839,4.0816,3.0612,3775917.4845
1812,2014-10-31,9.7755,35.9354,0.9059,0.9737,1.276,4.1068,3.0801,3752799.6224
1813,2014-10-30,9.7354,20.3882,0.9029,0.9697,1.1547,4.1237,3.0928,3737387.7143
1814,2014-10-29,9.5547,20.0098,0.8862,0.9517,1.1333,4.2017,3.1513,3668034.1278
1815,2014-10-28,9.4343,19.7576,0.875,0.9397,1.119,4.2553,3.1915,3621798.4035
1816,2014-10-27,9.2536,19.3793,0.8582,0.9217,1.0976,4.3384,3.2538,3552444.8171
1817,2014-10-24,9.2938,19.4633,0.862,0.9257,1.1024,4.3197,3.2397,3567856.7252
1818,2014-10-23,9.354,19.5894,0.8675,0.9317,1.1095,4.2918,3.2189,3590974.5873
1819,2014-10-22,9.5347,19.9678,0.8843,0.9497,1.1309,4.2105,3.1579,3660328.1738
1820,2014-10-21,9.6149,20.1359,0.8917,0.9577,1.1404,4.1754,3.1315,3691151.99
1821,2014-10-20,9.7956,20.5143,0.9085,0.9757,1.1619,4.0984,3.0738,3760505.5764
1822,2014-10-17,9.8157,20.5563,0.9104,0.9777,1.1643,4.09,3.0675,3768211.5305
1823,2014-10-16,9.7354,20.3882,0.9029,0.9697,1.1547,4.1237,3.0928,3737387.7143
1824,2014-10-15,9.7755,20.4722,0.9066,0.9737,1.1595,4.1068,3.0801,3752799.6224
1825,2014-10-14,9.8759,20.6824,0.9159,0.9837,1.1714,4.065,3.0488,3791329.3926
1826,2014-10-13,9.9562,20.8506,0.9234,0.9917,1.1809,4.0323,3.0242,3822153.2088
1827,2014-10-10,9.8357,20.5983,0.9122,0.9797,1.1666,4.0816,3.0612,3775917.4845
1828,2014-10-09,9.916,20.7665,0.9197,0.9877,1.1762,4.0486,3.0364,3806741.3007
1829,2014-10-08,9.9361,20.8085,0.9215,0.9897,1.1785,4.0404,3.0303,3814447.2548
1830,2014-09-30,9.8157,20.5563,0.9104,0.9777,1.1643,4.09,3.0675,3768211.5305
1831,2014-09-29,9.7956,20.5143,0.9085,0.9757,1.1619,4.0984,3.0738,3760505.5764
1832,2014-09-26,9.7354,20.3882,0.9029,0.9697,1.1547,4.1237,3.0928,3737387.7143
1833,2014-09-25,9.7555,20.4302,0.9048,0.9717,1.1571,4.1152,3.0864,3745093.6683
1834,2014-09-24,9.7354,20.3882,0.9029,0.9697,1.1547,4.1237,3.0928,3737387.7143
1835,2014-09-23,9.6149,20.1359,0.8917,0.9577,1.1404,4.1754,3.1315,3691151.99
1836,2014-09-22,9.5347,19.9678,0.8843,0.9497,1.1309,4.2105,3.1579,3660328.1738
1837,2014-09-19,9.7755,20.4722,0.9066,0.9737,1.1595,4.1068,3.0801,3752799.6224
1838,2014-09-18,9.8157,20.5563,0.9104,0.9777,1.1643,4.09,3.0675,3768211.5305
1839,2014-09-17,9.896,20.7245,0.9178,0.9857,1.1738,4.0568,3.0426,3799035.3467
1840,2014-09-16,9.6149,20.1359,0.8917,0.9577,1.1404,4.1754,3.1315,3691151.99
1841,2014-09-15,9.8759,20.6824,0.9159,0.9837,1.1714,4.065,3.0488,3791329.3926
1842,2014-09-12,9.896,20.7245,0.9178,0.9857,1.1738,4.0568,3.0426,3799035.3467
1843,2014-09-11,9.8759,20.6824,0.9159,0.9837,1.1714,4.065,3.0488,3791329.3926
1844,2014-09-10,9.6952,20.3041,0.8992,0.9657,1.15,4.1408,3.1056,3721975.8062
1845,2014-09-09,9.6752,20.262,0.8973,0.9637,1.1476,4.1494,3.112,3714269.8521
1846,2014-09-05,9.6752,20.262,0.8973,0.9637,1.1476,4.1494,3.112,3714269.8521
1847,2014-09-04,9.5748,20.0519,0.888,0.9537,1.1357,4.1929,3.1447,3675740.0819
1848,2014-09-03,9.5748,20.0519,0.888,0.9537,1.1357,4.1929,3.1447,3675740.0819
1849,2014-09-02,9.3941,19.6735,0.8713,0.9357,1.1143,4.2735,3.2051,3606386.4954
1850,2014-09-01,9.3139,19.5054,0.8638,0.9277,1.1047,4.3103,3.2328,3575562.6792
1851,2014-08-29,9.2938,9.7938,0.8728,0.9257,0.9403,4.3197,3.2397,3567856.7252
1852,2014-08-28,9.2336,9.7303,0.8671,0.9197,0.9342,4.3478,3.2609,3544738.863
1853,2014-08-27,9.2336,9.7303,0.8671,0.9197,0.9342,4.3478,3.2609,3544738.863
1854,2014-08-26,9.2938,9.7938,0.8728,0.9257,0.9403,4.3197,3.2397,3567856.7252
1855,2014-08-25,9.4343,9.9419,0.886,0.9397,0.9545,4.2553,3.1915,3621798.4035
1856,2014-08-22,9.5347,10.0476,0.8954,0.9497,0.9646,4.2105,3.1579,3660328.1738
1857,2014-08-21,9.6149,10.1322,0.9029,0.9577,0.9728,4.1754,3.1315,3691151.99
1858,2014-08-20,9.635,10.1534,0.9048,0.9597,0.9748,4.1667,3.125,3698857.944
1859,2014-08-19,9.5547,10.0688,0.8973,0.9517,0.9667,4.2017,3.1513,3668034.1278
1860,2014-08-18,9.4945,10.0053,0.8916,0.9457,0.9606,4.2283,3.1712,3644916.2657
1861,2014-08-14,9.354,9.8572,0.8784,0.9317,0.9464,4.2918,3.2189,3590974.5873
1862,2014-08-13,9.3941,9.8995,0.8822,0.9357,0.9504,4.2735,3.2051,3606386.4954
1863,2014-08-12,9.3741,9.8784,0.8803,0.9337,0.9484,4.2827,3.212,3598680.5414
1864,2014-08-11,9.4343,9.9419,0.886,0.9397,0.9545,4.2553,3.1915,3621798.4035
1865,2014-08-08,9.354,9.8572,0.8784,0.9317,0.9464,4.2918,3.2189,3590974.5873
1866,2014-08-07,9.7354,10.2591,0.8891,0.9697,0.9849,4.1237,,3737387.7143
1867,2014-08-06,9.896,10.4284,0.9038,0.9857,1.0012,4.0568,,3799035.3467
1868,2014-08-05,9.6752,10.1957,0.8836,0.9637,0.9789,4.1494,,3714269.8521
1869,2014-08-04,9.5347,10.0476,0.8708,0.9497,0.9646,4.2105,,3660328.1738
1870,2014-08-01,9.4343,9.9419,0.8616,0.9397,0.9545,4.2553,,3621798.4035
1871,2014-07-31,9.4945,10.0053,0.8671,0.9457,0.9606,4.2283,,3644916.2657
1872,2014-07-30,9.4142,9.9207,0.8598,0.9377,0.9525,4.2644,,3614092.4495
1873,2014-07-29,9.3941,9.8995,0.858,0.9357,0.9504,4.2735,,3606386.4954
1874,2014-07-28,9.4744,9.9842,0.8653,0.9437,0.9585,4.2373,,3637210.3116
1875,2014-07-25,9.2336,9.7303,0.8433,0.9197,0.9342,4.3478,,3544738.863
1876,2014-07-24,9.1934,9.688,0.8396,0.9157,0.9301,4.3668,,3529326.9549
1877,2014-07-23,9.0529,9.54,0.8268,0.9017,0.9159,4.4346,,3475385.2766
1878,2014-07-22,9.0128,9.4976,0.8231,0.8977,0.9118,4.4543,,3459973.3685
1879,2014-07-21,8.9525,9.4342,0.8176,0.8917,0.9057,4.4843,4.4843,3436855.5063
1880,2014-07-18,8.9525,9.4342,0.8176,0.8917,0.9057,4.4843,4.4843,3436855.5063
1881,2014-07-17,8.9525,9.4342,0.8176,0.8917,0.9057,4.4843,4.4843,3436855.5063
1882,2014-07-16,8.9726,9.4553,0.8195,0.8937,0.9078,4.4743,4.4743,3444561.4604
1883,2014-07-15,9.0128,9.4976,0.8231,0.8977,0.9118,4.4543,4.4543,3459973.3685
1884,2014-07-14,8.9525,9.4342,0.8176,0.8917,0.9057,4.4843,4.4843,3436855.5063
1885,2014-07-11,8.8321,9.3073,0.8066,0.8797,0.8936,4.5455,4.5455,3390619.782
1886,2014-07-10,8.812,9.2861,0.8048,0.8777,0.8915,4.5558,4.5558,3382913.828
1887,2014-07-09,8.812,9.2861,0.8048,0.8777,0.8915,4.5558,4.5558,3382913.828
1888,2014-07-08,8.8923,9.3707,0.8121,0.8857,0.8997,4.5147,4.5147,3413737.6442
1889,2014-07-07,8.8722,9.3496,0.8103,0.8837,0.8976,4.5249,4.5249,3406031.6901
1890,2014-07-04,8.9325,9.413,0.8158,0.8897,0.9037,4.4944,4.4944,3429149.5523
1891,2014-07-03,8.9726,9.4553,0.8195,0.8937,0.9078,4.4743,4.4743,3444561.4604
1892,2014-07-02,8.9525,9.4342,0.8176,0.8917,0.9057,4.4843,4.4843,3436855.5063
1893,2014-07-01,8.8722,9.3496,0.8103,0.8837,0.8976,4.5249,4.5249,3406031.6901
1894,2014-06-30,8.8923,9.3707,0.8121,0.8857,0.8997,4.5147,4.5147,3413737.6442
1895,2014-06-27,8.9124,9.3919,0.814,0.8877,0.9017,4.5045,4.5045,3421443.5982
1896,2014-06-26,8.8522,9.3284,0.8085,0.8817,0.8956,4.5351,4.5351,3398325.7361
1897,2014-06-25,8.812,9.2861,0.8048,0.8777,0.8915,4.5558,4.5558,3382913.828
1898,2014-06-24,8.8722,9.3496,0.8103,0.8837,0.8976,4.5249,4.5249,3406031.6901
1899,2014-06-23,8.812,9.2861,0.8048,0.8777,0.8915,4.5558,4.5558,3382913.828
1900,2014-06-20,8.8522,9.3284,0.8085,0.8817,0.8956,4.5351,4.5351,3398325.7361
1901,2014-06-19,8.812,9.2861,0.8048,0.8777,0.8915,4.5558,4.5558,3382913.828
1902,2014-06-18,8.9726,9.4553,0.8195,0.8937,0.9078,4.4743,4.4743,3444561.4604
1903,2014-06-17,9.0328,9.5188,0.825,0.8997,0.9139,4.4444,4.4444,3467679.3225
1904,2014-06-16,9.1533,9.6457,0.836,0.9117,0.9261,4.386,4.386,3513915.0468
1905,2014-06-13,9.1332,9.6246,0.8341,0.9097,0.924,4.3956,4.3956,3506209.0928
1906,2014-06-12,9.0931,9.5823,0.8305,0.9057,0.92,4.415,4.415,3490797.1847
1907,2014-06-11,8.9726,9.4553,0.8195,0.8937,0.9078,4.4743,4.4743,3444561.4604
1908,2014-06-10,9.0328,9.5188,0.825,0.8997,0.9139,4.4444,4.4444,3467679.3225
1909,2014-06-09,8.9325,9.413,0.8158,0.8897,0.9037,4.4944,4.4944,3429149.5523
1910,2014-06-06,8.9726,9.4553,0.8195,0.8937,0.9078,4.4743,4.4743,3444561.4604
1911,2014-06-05,9.0328,9.5188,0.825,0.8997,0.9139,4.4444,4.4444,3467679.3225
1912,2014-06-04,9.0128,9.4976,0.8231,0.8977,0.9118,4.4543,4.4543,3459973.3685
1913,2014-06-03,9.073,9.5611,0.8286,0.9037,0.9179,4.4248,4.4248,3483091.2306
1914,2014-05-30,9.0931,9.5823,0.8305,0.9057,0.92,4.415,4.415,3490797.1847
1915,2014-05-29,9.0931,9.5823,0.8305,0.9057,0.92,4.415,4.415,3490797.1847
1916,2014-05-28,9.1934,9.688,0.8396,0.9157,0.9301,4.3668,4.3668,3529326.9549
1917,2014-05-27,9.1332,9.6246,0.8341,0.9097,0.924,4.3956,4.3956,3506209.0928
1918,2014-05-26,9.2135,9.7092,0.8415,0.9177,0.9321,4.3573,4.3573,3537032.909
1919,2014-05-23,9.1533,9.6457,0.836,0.9117,0.9261,4.386,4.386,3513915.0468
1920,2014-05-22,9.1332,9.6246,0.8341,0.9097,0.924,4.3956,4.3956,3506209.0928
1921,2014-05-21,9.1733,9.6669,0.8378,0.9137,0.9281,4.3764,4.3764,3521621.0009
1922,2014-05-20,9.1533,9.6457,0.836,0.9117,0.9261,4.386,4.386,3513915.0468
1923,2014-05-19,9.1733,9.6669,0.8378,0.9137,0.9281,4.3764,4.3764,3521621.0009
1924,2014-05-16,9.2938,9.7938,0.8488,0.9257,0.9403,4.3197,4.3197,3567856.7252
1925,2014-05-15,9.1934,9.688,0.8396,0.9157,0.9301,4.3668,4.3668,3529326.9549
1926,2014-05-14,9.2938,9.7938,0.8488,0.9257,0.9403,4.3197,4.3197,3567856.7252
1927,2014-05-13,9.3139,9.8149,0.8506,0.9277,0.9423,4.3103,4.3103,3575562.6792
1928,2014-05-12,9.3941,9.8995,0.858,0.9357,0.9504,4.2735,4.2735,3606386.4954
1929,2014-05-09,9.0931,9.5823,0.8305,0.9057,0.92,4.415,4.415,3490797.1847
1930,2014-05-08,9.0529,9.54,0.8268,0.9017,0.9159,4.4346,4.4346,3475385.2766
1931,2014-05-07,9.0128,9.4976,0.8231,0.8977,0.9118,4.4543,4.4543,3459973.3685
1932,2014-05-06,9.1131,9.6034,0.8323,0.9077,0.922,4.4053,4.4053,3498503.1387
1933,2014-05-05,9.1131,9.6034,0.8323,0.9077,0.922,4.4053,4.4053,3498503.1387
1934,2014-04-30,9.0931,9.5823,0.8305,0.9057,0.92,4.415,4.415,3490797.1847
1935,2014-04-29,9.2135,9.7092,0.8415,0.9177,0.9321,4.3573,4.3573,3537032.909
1936,2014-04-28,9.3941,9.3941,0.8665,0.9357,0.9357,4.2735,4.2735,3606386.4954
1937,2014-04-25,9.635,9.635,0.8887,0.9597,0.9597,4.1667,4.1667,3698857.944
1938,2014-04-24,9.7354,9.7354,0.898,0.9697,0.9697,4.1237,4.1237,3737387.7143
1939,2014-04-23,9.7354,9.7354,0.898,0.9697,0.9697,4.1237,4.1237,3737387.7143
1940,2014-04-22,9.7755,9.7755,0.9017,0.9737,0.9737,4.1068,4.1068,3752799.6224
1941,2014-04-21,9.7956,9.7956,0.9036,0.9757,0.9757,4.0984,4.0984,3760505.5764
1942,2014-04-18,9.8759,9.8759,0.911,0.9837,0.9837,4.065,4.065,3791329.3926
1943,2014-04-17,9.896,9.896,0.9128,0.9857,0.9857,4.0568,4.0568,3799035.3467
1944,2014-04-16,9.916,9.916,0.9147,0.9877,0.9877,4.0486,4.0486,3806741.3007
1945,2014-04-15,9.896,9.896,0.9128,0.9857,0.9857,4.0568,4.0568,3799035.3467
1946,2014-04-14,10.0766,10.0766,0.9295,1.0037,1.0037,3.9841,3.9841,3868388.9331
1947,2014-04-11,10.0967,10.0967,0.9313,1.0057,1.0057,3.9761,3.9761,3876094.8872
1948,2014-04-10,10.2573,10.2573,0.9461,1.0217,1.0217,3.9139,3.9139,3937742.5196
1949,2014-04-09,10.0967,10.0967,0.9313,1.0057,1.0057,3.9761,3.9761,3876094.8872
1950,2014-04-08,10.1168,10.1168,0.9332,1.0077,1.0077,3.9683,3.9683,3883800.8412
1951,2014-04-04,9.9361,9.9361,0.9165,0.9897,0.9897,4.0404,4.0404,3814447.2548
1952,2014-04-03,9.896,9.896,0.9128,0.9857,0.9857,4.0568,4.0568,3799035.3467
1953,2014-04-02,9.9361,9.9361,0.9165,0.9897,0.9897,4.0404,4.0404,3814447.2548
1954,2014-04-01,9.7956,9.7956,0.9036,0.9757,0.9757,4.0984,4.0984,3760505.5764
1955,2014-03-31,9.7755,9.7755,0.9017,0.9737,0.9737,4.1068,4.1068,3752799.6224
1956,2014-03-28,5.1723,9.1029,0.9118,0.7887,1.0014,4.065,4.065,3791329.3926
1957,2014-03-27,5.1618,9.0844,0.91,0.7871,0.9994,4.0733,4.0733,3783623.4386
1958,2014-03-26,5.2144,9.1769,0.9192,0.7951,1.0096,4.0323,4.0323,3822153.2088
1959,2014-03-25,5.2564,9.2509,0.9267,0.8015,1.0177,4.0,4.0,3852977.025
1960,2014-03-24,5.2459,9.2324,0.9248,0.7999,1.0157,4.008,4.008,3845271.071
1961,2014-03-21,5.1933,9.1399,0.9155,0.7919,1.0055,4.0486,4.0486,3806741.3007
1962,2014-03-20,5.0567,8.8993,0.8914,0.7711,0.979,4.158,4.158,3706563.8981
1963,2014-03-19,5.1197,9.0104,0.9026,0.7807,0.9912,4.1068,4.1068,3752799.6224
1964,2014-03-18,5.1618,9.0844,0.91,0.7871,0.9994,4.0733,4.0733,3783623.4386
1965,2014-03-17,5.1933,9.1399,0.9155,0.7919,1.0055,4.0486,4.0486,3806741.3007
1966,2014-03-14,5.1933,9.1399,0.9155,0.7919,1.0055,4.0486,4.0486,3806741.3007
1967,2014-03-13,5.1197,9.0104,0.9026,0.7807,0.9912,4.1068,4.1068,3752799.6224
1968,2014-03-12,5.0882,8.9549,0.897,0.7759,0.9851,4.1322,4.1322,3729681.7602
1969,2014-03-11,5.0777,8.9364,0.8952,0.7743,0.9831,4.1408,4.1408,3721975.8062
1970,2014-03-10,5.0672,8.9178,0.8933,0.7727,0.9811,4.1494,4.1494,3714269.8521
1971,2014-03-07,5.2354,9.2139,0.923,0.7983,1.0136,4.0161,4.0161,3837565.1169
1972,2014-03-06,5.2669,9.2694,0.9285,0.8031,1.0197,3.992,3.992,3860682.9791
1973,2014-03-05,5.2564,9.2509,0.9267,0.8015,1.0177,4.0,4.0,3852977.025
1974,2014-03-04,5.288,9.3064,0.9322,0.8063,1.0238,3.9761,3.9761,3876094.8872
1975,2014-03-03,5.2459,9.2324,0.9248,0.7999,1.0157,4.008,4.008,3845271.071
1976,2014-02-28,5.2564,9.2509,0.9267,0.8015,1.0177,4.0,4.0,3852977.025
1977,2014-02-27,5.1723,9.1029,0.9118,0.7887,1.0014,4.065,4.065,3791329.3926
1978,2014-02-26,5.1933,9.1399,0.9155,0.7919,1.0055,4.0486,4.0486,3806741.3007
1979,2014-02-25,5.1828,9.1214,0.9137,0.7903,1.0034,4.0568,4.0568,3799035.3467
1980,2014-02-24,5.2774,9.2879,0.9304,0.8047,1.0218,3.9841,3.9841,3868388.9331
1981,2014-02-21,5.3931,9.4914,0.9508,0.8224,1.0442,3.8986,3.8986,3953154.4277
1982,2014-02-20,5.4982,9.6764,0.9693,0.8384,1.0645,3.8241,3.8241,4030213.9682
1983,2014-02-19,5.4667,9.6209,0.9637,0.8336,1.0584,3.8462,3.8462,4007096.106
1984,2014-02-18,5.4141,9.5284,0.9545,0.8256,1.0482,3.8835,3.8835,3968566.3358
1985,2014-02-17,5.4877,9.6579,0.9674,0.8368,1.0625,3.8314,3.8314,4022508.0141
1986,2014-02-14,5.4772,9.6394,0.9656,0.8352,1.0604,3.8388,3.8388,4014802.0601
1987,2014-02-13,5.4141,9.5284,0.9545,0.8256,1.0482,3.8835,3.8835,3968566.3358
1988,2014-02-12,5.4982,9.6764,0.9693,0.8384,1.0645,3.8241,3.8241,4030213.9682
1989,2014-02-11,5.5192,9.7134,0.973,0.8416,1.0686,3.8095,3.8095,4045625.8763
1990,2014-02-10,5.4246,9.5469,0.9563,0.8272,1.0503,3.876,3.876,3976272.2898
1991,2014-02-07,5.33,9.3804,0.9396,0.8127,1.0319,3.9448,3.9448,3906918.7034
1992,2014-01-30,5.309,9.3434,0.9359,0.8095,1.0279,3.9604,3.9604,3891506.7953
1993,2014-01-29,5.3721,9.4544,0.947,0.8191,1.0401,3.9139,3.9139,3937742.5196
1994,2014-01-28,5.3931,9.4914,0.9508,0.8224,1.0442,3.8986,3.8986,3953154.4277
1995,2014-01-27,5.3721,9.4544,0.947,0.8191,1.0401,3.9139,3.9139,3937742.5196
1996,2014-01-24,5.4036,9.5099,0.9526,0.824,1.0462,3.8911,3.8911,3960860.3817
1997,2014-01-23,5.3721,9.4544,0.947,0.8191,1.0401,3.9139,3.9139,3937742.5196
1998,2014-01-22,5.4456,9.5839,0.96,0.8304,1.0543,3.861,3.861,3991684.1979
1999,2014-01-21,5.288,9.3064,0.9322,0.8063,1.0238,3.9761,3.9761,3876094.8872
2000,2014-01-20,5.2564,9.2509,0.9267,0.8015,1.0177,4.0,4.0,3852977.025
2001,2014-01-17,5.288,9.3064,0.9322,0.8063,1.0238,3.9761,3.9761,3876094.8872
2002,2014-01-16,5.351,9.4174,0.9433,0.8159,1.036,3.9293,3.9293,3922330.6115
2003,2014-01-15,5.3405,9.3989,0.9415,0.8143,1.034,3.937,3.937,3914624.6574
2004,2014-01-14,5.3615,9.4359,0.9452,0.8175,1.0381,3.9216,3.9216,3930036.5655
2005,2014-01-13,5.309,9.3434,0.9359,0.8095,1.0279,3.9604,3.9604,3891506.7953
2006,2014-01-10,5.2774,9.2879,0.9304,0.8047,1.0218,3.9841,3.9841,3868388.9331
2007,2014-01-09,5.351,9.4174,0.9433,0.8159,1.036,3.9293,3.9293,3922330.6115
2008,2014-01-08,5.4351,9.5654,0.9582,0.8288,1.0523,3.8685,3.8685,3983978.2439
2009,2014-01-07,5.4456,9.5839,0.96,0.8304,1.0543,3.861,3.861,3991684.1979
2010,2014-01-06,5.4246,9.5469,0.9563,0.8272,1.0503,3.876,3.876,3976272.2898
2011,2014-01-03,5.6033,9.8614,0.9878,0.8544,1.0849,3.7523,3.7523,4107273.5087
2012,2014-01-02,5.6664,9.9725,0.9989,0.864,1.0971,3.7106,3.7106,4153509.233
2013,2013-12-31,5.7295,10.0835,1.0101,0.8737,1.1093,4.5872,3.6697,4199744.9573
2014,2013-12-30,5.719,10.065,1.0082,0.872,1.1073,4.5956,3.6765,4192039.0032
2015,2013-12-27,5.74,10.102,1.0119,0.8753,1.1113,4.5788,3.663,4207450.9113
2016,2013-12-26,5.6349,9.9169,0.9934,0.8592,1.091,4.6642,3.7313,4130391.3708
2017,2013-12-25,5.7085,10.0465,1.0064,0.8704,1.1052,4.6041,3.6832,4184333.0492
2018,2013-12-24,5.6454,9.9354,0.9952,0.8608,1.093,4.6555,3.7244,4138097.3249
2019,2013-12-23,5.6244,9.8984,0.9915,0.8576,1.0889,4.6729,3.7383,4122685.4168
2020,2013-12-20,5.698,10.028,1.0045,0.8688,1.1032,4.6125,3.69,4176627.0951
2021,2013-12-19,5.8031,10.213,1.023,0.8849,1.1235,4.529,3.6232,4253686.6356
2022,2013-12-18,5.8451,10.287,1.0304,0.8913,1.1317,4.4964,3.5971,4284510.4518
2023,2013-12-17,5.8662,10.324,1.0342,0.8945,1.1357,4.4803,3.5842,4299922.3599
2024,2013-12-16,5.9082,10.398,1.0416,0.9009,1.1439,4.4484,3.5587,4330746.1761
2025,2013-12-13,5.9713,10.509,1.0527,0.9105,1.1561,4.4014,3.5211,4376981.9004
2026,2013-12-12,6.0133,10.583,1.0601,0.9169,1.1642,4.3706,3.4965,4407805.7166
2027,2013-12-11,6.0028,10.5645,1.0582,0.9153,1.1622,4.3783,3.5026,4400099.7626
2028,2013-12-10,6.129,10.7865,1.0805,0.9346,1.1866,4.2882,3.4305,4492571.2112
2029,2013-12-09,6.2131,10.9345,1.0953,0.9474,1.2029,4.2301,3.3841,4554218.8436
2030,2013-12-06,6.2341,10.9715,1.099,0.9506,1.207,4.2159,3.3727,4569630.7517
2031,2013-12-05,6.2131,10.9345,1.0953,0.9474,1.2029,4.2301,3.3841,4554218.8436
2032,2013-12-04,6.3182,11.1196,1.1138,0.9634,1.2233,4.1597,3.3278,4631278.3841
2033,2013-12-03,6.0028,10.5645,1.0582,0.9153,1.1622,4.3783,3.5026,4400099.7626
2034,2013-12-02,5.8872,10.361,1.0379,0.8977,1.1398,4.4643,3.5714,4315334.268
2035,2013-11-29,6.0238,10.6015,1.062,0.9185,1.1663,4.363,3.4904,4415511.6707
2036,2013-11-28,6.0764,10.694,1.0712,0.9266,1.1765,4.3253,3.4602,4454041.4409
2037,2013-11-27,5.9187,10.4165,1.0434,0.9025,1.1459,4.4405,3.5524,4338452.1302
2038,2013-11-26,5.9082,10.398,1.0416,0.9009,1.1439,4.4484,3.5587,4330746.1761
2039,2013-11-25,5.9397,10.4535,1.0471,0.9057,1.15,4.4248,3.5398,4353864.0383
2040,2013-11-22,5.9713,10.509,1.0527,0.9105,1.1561,4.4014,3.5211,4376981.9004
2041,2013-11-21,6.0028,10.5645,1.0582,0.9153,1.1622,4.3783,3.5026,4400099.7626
2042,2013-11-20,6.0764,10.694,1.0712,0.9266,1.1765,4.3253,3.4602,4454041.4409
2043,2013-11-19,6.0449,10.6385,1.0657,0.9217,1.1704,4.3478,3.4783,4430923.5788
2044,2013-11-18,5.9713,10.509,1.0527,0.9105,1.1561,4.4014,3.5211,4376981.9004
2045,2013-11-15,5.8031,10.213,1.023,0.8849,1.1235,4.529,3.6232,4253686.6356
2046,2013-11-14,5.719,10.065,1.0082,0.872,1.1073,4.5956,3.6765,4192039.0032
2047,2013-11-13,5.7085,10.0465,1.0064,0.8704,1.1052,4.6041,3.6832,4184333.0492
2048,2013-11-12,5.8767,10.3425,1.036,0.8961,1.1378,4.4723,3.5778,4307628.314
2049,2013-11-11,5.8241,10.25,1.0267,0.8881,1.1276,4.5126,3.6101,4269098.5437
2050,2013-11-08,5.8451,10.287,1.0304,0.8913,1.1317,4.4964,3.5971,4284510.4518
2051,2013-11-07,6.0028,10.5645,1.0582,0.9153,1.1622,4.3783,3.5026,4400099.7626
2052,2013-11-06,5.8241,10.25,1.0267,0.8881,1.1276,4.5126,3.6101,4269098.5437
2053,2013-11-05,5.8872,10.361,1.0379,0.8977,1.1398,4.4643,3.5714,4315334.268
2054,2013-11-04,5.9608,10.4905,1.0508,0.9089,1.1541,4.4092,3.5273,4369275.9464
2055,2013-11-01,5.9923,10.546,1.0564,0.9137,1.1602,4.386,3.5088,4392393.8085
2056,2013-10-31,6.0238,10.6015,1.062,0.9185,1.1663,4.363,3.4904,4415511.6707
2057,2013-10-30,6.0133,9.5527,1.0466,0.9169,1.1268,4.3706,3.4965,4407805.7166
2058,2013-10-29,5.8872,9.3523,1.0246,0.8977,1.1032,4.4643,3.5714,4315334.268
2059,2013-10-28,6.0869,9.6696,1.0594,0.9282,1.1406,4.3178,3.4542,4461747.395
2060,2013-10-25,5.7295,9.1018,0.9972,0.8737,1.0737,4.5872,3.6697,4199744.9573
2061,2013-10-24,5.6664,9.0016,0.9862,0.864,1.0618,4.6382,3.7106,4153509.233
2062,2013-10-23,5.8977,9.369,1.0265,0.8993,1.1052,4.4563,3.5651,4323040.2221
2063,2013-10-22,6.0764,9.6529,1.0576,0.9266,1.1387,4.3253,3.4602,4454041.4409
2064,2013-10-21,6.0764,9.6529,1.0576,0.9266,1.1387,4.3253,3.4602,4454041.4409
2065,2013-10-18,6.0133,9.5527,1.0466,0.9169,1.1268,4.3706,3.4965,4407805.7166
2066,2013-10-17,6.0344,9.5861,1.0502,0.9201,1.1308,4.3554,3.4843,4423217.6247
2067,2013-10-16,6.0869,9.6696,1.0594,0.9282,1.1406,4.3178,3.4542,4461747.395
2068,2013-10-15,6.2972,10.0036,1.096,0.9602,1.18,4.1736,3.3389,4615866.476
2069,2013-10-14,6.1921,9.8366,1.0777,0.9442,1.1603,4.2445,3.3956,4538806.9355
2070,2013-10-11,6.0238,9.5694,1.0484,0.9185,1.1288,4.363,3.4904,4415511.6707
2071,2013-10-10,5.8977,9.369,1.0265,0.8993,1.1052,4.4563,3.5651,4323040.2221
2072,2013-10-09,6.0028,9.536,1.0448,0.9153,1.1249,4.3783,3.5026,4400099.7626
2073,2013-10-08,6.0344,9.5861,1.0502,0.9201,1.1308,4.3554,3.4843,4423217.6247
2074,2013-09-30,5.9292,9.4191,1.0319,0.9041,1.1111,4.4326,3.5461,4346158.0842
2075,2013-09-27,5.8977,9.369,1.0265,0.8993,1.1052,4.4563,3.5651,4323040.2221
2076,2013-09-26,5.8451,9.2855,1.0173,0.8913,1.0953,4.4964,3.5971,4284510.4518
2077,2013-09-25,5.9923,9.5193,1.0429,0.9137,1.1229,4.386,3.5088,4392393.8085
2078,2013-09-24,6.0974,9.6863,1.0612,0.9298,1.1426,4.3103,3.4483,4469453.349
2079,2013-09-23,6.2446,9.9201,1.0868,0.9522,1.1702,4.2088,3.367,4577336.7057
2080,2013-09-18,6.15,9.7698,1.0704,0.9378,1.1525,4.2735,3.4188,4507983.1193
2081,2013-09-17,6.129,9.7364,1.0667,0.9346,1.1485,4.2882,3.4305,4492571.2112
2082,2013-09-16,6.4023,10.1706,1.1143,0.9762,1.1997,4.1051,3.2841,4692926.0165
2083,2013-09-13,6.4023,10.1706,1.1143,0.9762,1.1997,4.1051,3.2841,4692926.0165
2084,2013-09-12,6.5495,10.4044,1.1399,0.9987,1.2273,4.0128,3.2103,4800809.3732
2085,2013-09-11,6.7177,10.6716,1.1692,1.0243,1.2588,3.9124,3.1299,4924104.638
2086,2013-09-10,6.2446,9.9201,1.0868,0.9522,1.1702,4.2088,3.367,4577336.7057
2087,2013-09-09,6.0344,9.5861,1.0502,0.9201,1.1308,4.3554,3.4843,4423217.6247
2088,2013-09-06,5.8662,9.3189,1.021,0.8945,1.0993,4.4803,3.5842,4299922.3599
2089,2013-09-05,5.8346,9.2688,1.0155,0.8897,1.0934,4.5045,3.6036,4276804.4978
2090,2013-09-04,5.9292,9.4191,1.0319,0.9041,1.1111,4.4326,3.5461,4346158.0842
2091,2013-09-03,6.0449,9.6028,1.0521,0.9217,1.1328,4.3478,3.4783,4430923.5788
2092,2013-09-02,6.0344,9.5861,1.0502,0.9201,1.1308,4.3554,3.4843,4423217.6247
2093,2013-08-30,5.5823,8.868,0.9716,0.8512,1.0461,4.7081,3.7665,4091861.6006
2094,2013-08-29,5.5718,8.8513,0.9697,0.8496,1.0441,4.717,3.7736,4084155.6465
2095,2013-08-28,5.6244,7.0677,1.0346,0.8576,0.9718,4.6729,3.7383,4122685.4168
2096,2013-08-27,5.5613,6.9885,1.023,0.848,0.9609,4.7259,3.7807,4076449.6925
2097,2013-08-26,5.5613,6.9885,1.023,0.848,0.9609,4.7259,3.7807,4076449.6925
2098,2013-08-23,5.4351,6.8299,0.9998,0.8288,0.9391,4.8356,3.8685,3983978.2439
2099,2013-08-22,5.5297,6.9488,1.0172,0.8432,0.9554,4.7529,3.8023,4053331.8303
2100,2013-08-21,5.5403,6.9621,1.0191,0.8448,0.9572,4.7438,3.7951,4061037.7844
2101,2013-08-20,5.5403,6.9621,1.0191,0.8448,0.9572,4.7438,3.7951,4061037.7844
2102,2013-08-19,5.6349,7.0809,1.0365,0.8592,0.9736,4.6642,3.7313,4130391.3708
2103,2013-08-16,5.6138,7.0545,1.0327,0.856,0.9699,4.6816,3.7453,4114979.4627
2104,2013-08-15,5.7085,7.1734,1.0501,0.8704,0.9863,4.6041,3.6832,4184333.0492
2105,2013-08-14,5.74,7.2131,1.0559,0.8753,0.9917,4.5788,3.663,4207450.9113
2106,2013-08-13,5.8346,7.332,1.0733,0.8897,1.0081,4.5045,3.6036,4276804.4978
2107,2013-08-12,5.719,7.1866,1.052,0.872,0.9881,4.5956,3.6765,4192039.0032
2108,2013-08-09,5.5087,6.9224,1.0133,0.84,0.9518,4.771,3.8168,4037919.9222
2109,2013-08-08,5.4877,6.896,1.0095,0.8368,0.9481,4.7893,3.8314,4022508.0141
2110,2013-08-07,5.5192,6.9356,1.0153,0.8416,0.9536,4.7619,3.8095,4045625.8763
2111,2013-08-06,5.5823,7.0149,1.0269,0.8512,0.9645,4.7081,3.7665,4091861.6006
2112,2013-08-05,5.4982,6.9092,1.0114,0.8384,0.95,4.7801,3.8241,4030213.9682
2113,2013-08-02,5.4456,6.8432,1.0017,0.8304,0.9409,4.8263,8.6873,3991684.1979
2114,2013-08-01,5.4456,6.8432,1.0017,0.8304,0.9409,4.8263,8.6873,3991684.1979
2115,2013-07-31,5.309,6.6714,0.9766,0.8095,0.9173,4.9505,8.9109,3891506.7953
2116,2013-07-30,5.3195,6.6846,0.9785,0.8111,0.9191,4.9407,8.8933,3899212.7493
2117,2013-07-29,5.2669,6.6186,0.9689,0.8031,0.91,4.99,8.982,3860682.9791
2118,2013-07-26,5.3615,6.7375,0.9863,0.8175,0.9264,4.902,8.8235,3930036.5655
2119,2013-07-25,5.3826,6.7639,0.9901,0.8208,0.93,4.8828,8.7891,3945448.4736
2120,2013-07-24,5.4141,6.8035,0.9959,0.8256,0.9354,4.8544,8.7379,3968566.3358
2121,2013-07-23,5.5087,6.9224,1.0133,0.84,0.9518,4.771,8.5878,4037919.9222
2122,2013-07-22,5.33,6.6978,0.9805,0.8127,0.9209,4.931,8.8757,3906918.7034
2123,2013-07-19,5.4246,6.8167,0.9607,0.8272,0.9373,4.845,4.845,3976272.2898
2124,2013-07-18,5.5823,7.0149,0.9886,0.8512,0.9645,4.7081,4.7081,4091861.6006
2125,2013-07-17,5.6874,7.147,1.0073,0.8672,0.9827,4.6211,4.6211,4168921.1411
2126,2013-07-16,5.74,7.2131,1.0166,0.8753,0.9917,4.5788,4.5788,4207450.9113
2127,2013-07-15,5.6664,7.1206,1.0035,0.864,0.979,4.6382,4.6382,4153509.233
2128,2013-07-12,5.6033,7.0413,0.9924,0.8544,0.9681,4.6904,4.6904,4107273.5087
2129,2013-07-11,5.8872,7.398,1.0426,0.8977,1.0172,4.4643,4.4643,4315334.268
2130,2013-07-10,5.4036,6.7903,0.957,0.824,0.9336,4.8638,4.8638,3960860.3817
2131,2013-07-09,5.2459,6.5922,0.9291,0.7999,0.9064,5.01,5.01,3845271.071
2132,2013-07-08,5.2985,6.6582,0.9384,0.8079,0.9155,4.9603,4.9603,3883800.8412
2133,2013-07-05,5.5192,6.9356,0.9775,0.8416,0.9536,4.7619,4.7619,4045625.8763
2134,2013-07-04,5.5087,6.9224,0.9756,0.84,0.9518,4.771,4.771,4037919.9222
2135,2013-07-03,5.4246,6.8167,0.9607,0.8272,0.9373,4.845,4.845,3976272.2898
2136,2013-07-02,5.5718,7.0017,0.9868,0.8496,0.9627,4.717,4.717,4084155.6465
2137,2013-07-01,5.6559,7.1074,1.0017,0.8624,0.9772,4.6468,4.6468,4145803.2789
2138,2013-06-28,5.7085,7.1734,1.011,0.8704,0.9863,4.6041,4.6041,4184333.0492
2139,2013-06-27,5.6033,7.0413,0.9924,0.8544,0.9681,4.6904,4.6904,4107273.5087
2140,2013-06-26,5.6244,7.0677,0.9961,0.8576,0.9718,4.6729,4.6729,4122685.4168
2141,2013-06-25,5.6138,7.0545,0.9942,0.856,0.9699,4.6816,4.6816,4114979.4627
2142,2013-06-24,5.7085,7.1734,1.011,0.8704,0.9863,4.6041,4.6041,4184333.0492
2143,2013-06-21,6.0449,7.5962,1.0706,0.9217,1.0444,4.3478,4.3478,4430923.5788
2144,2013-06-20,6.3392,7.9661,1.1227,0.9666,1.0953,4.1459,4.1459,4646690.2922
2145,2013-06-19,6.6126,8.3095,1.1711,1.0083,1.1425,3.9746,3.9746,4847045.0975
2146,2013-06-18,6.8018,8.5473,1.2046,1.0372,1.1752,3.864,3.864,4985752.2704
2147,2013-06-17,6.949,8.7323,1.2307,1.0596,1.2006,3.7821,3.7821,5093635.6271
2148,2013-06-14,7.0436,8.8512,1.2474,1.074,1.217,3.7313,3.7313,5162989.2135
2149,2013-06-13,7.0751,8.8908,1.253,1.0788,1.2224,3.7147,3.7147,5186107.0757
2150,2013-06-07,7.4326,9.34,1.3163,1.1333,1.2842,3.5361,3.5361,5448109.5134
2151,2013-06-06,7.5272,9.4589,1.3331,1.1478,1.3005,3.4916,3.4916,5517463.0998
2152,2013-06-05,7.2328,9.089,1.2809,1.1029,1.2497,3.6337,3.6337,5301696.3864
2153,2013-06-04,7.3274,9.2079,1.2977,1.1173,1.266,3.5868,3.5868,5371049.9729
2154,2013-06-03,7.4536,9.3664,1.32,1.1365,1.2878,3.5261,3.5261,5463521.4215
2155,2013-05-31,7.4221,9.3268,1.3145,1.1317,1.2824,3.5411,3.5411,5440403.5593
2156,2013-05-30,7.4431,9.3532,1.3182,1.1349,1.286,3.5311,3.5311,5455815.4674
2157,2013-05-29,7.4746,9.3928,1.3238,1.1398,1.2914,3.5162,3.5162,5478933.3296
2158,2013-05-24,7.6639,9.6306,1.3573,1.1686,1.3241,3.4294,3.4294,5617640.5025
2159,2013-05-23,7.6639,9.6306,1.3573,1.1686,1.3241,3.4294,3.4294,5617640.5025
2160,2013-05-22,7.8005,9.8024,1.3815,1.1894,1.3478,3.3693,3.3693,5717817.9051
2161,2013-05-21,7.8846,9.908,1.3964,1.2023,1.3623,3.3333,3.3333,5779465.5375
2162,2013-05-20,7.8531,9.8684,1.3908,1.1975,1.3568,3.3467,3.3467,5756347.6754
2163,2013-05-17,7.8005,9.8024,1.3815,1.1894,1.3478,3.3693,3.3693,5717817.9051
2164,2013-05-16,7.6744,9.6438,1.3591,1.1702,1.326,3.4247,3.4247,5625346.4565
2165,2013-05-15,7.6113,9.5646,1.348,1.1606,1.3151,3.453,3.453,5579110.7322
2166,2013-05-14,7.6849,9.657,1.361,1.1718,1.3278,3.42,3.42,5633052.4106
2167,2013-05-13,7.7269,9.7099,1.3685,1.1782,1.335,3.4014,3.4014,5663876.2268
2168,2013-05-10,7.8005,9.8024,1.3815,1.1894,1.3478,3.3693,3.3693,5717817.9051
2169,2013-05-09,7.7795,9.7759,1.3778,1.1862,1.3441,3.3784,3.3784,5702405.997
2170,2013-05-08,7.8531,9.8684,1.3908,1.1975,1.3568,3.3467,3.3467,5756347.6754
2171,2013-05-07,7.7059,9.6835,1.3647,1.175,1.3314,3.4106,3.4106,5648464.3187
2172,2013-05-06,7.811,9.8156,1.3833,1.1911,1.3496,3.3647,3.3647,5725523.8592
2173,2013-05-03,7.769,9.7627,1.3759,1.1846,1.3423,3.3829,3.3829,5694700.043
2174,2013-05-02,7.7374,9.7231,1.3703,1.1798,1.3369,3.3967,3.3967,5671582.1808
2175,2013-04-26,7.9582,7.9582,1.4297,1.2135,1.2135,3.3025,3.3025,5833407.2159
2176,2013-04-25,8.1159,8.1159,1.458,1.2375,1.2375,3.2383,3.2383,5948996.5266
2177,2013-04-24,8.1264,8.1264,1.4599,1.2391,1.2391,3.2342,3.2342,5956702.4807
2178,2013-04-23,8.0318,8.0318,1.4429,1.2247,1.2247,3.2723,3.2723,5887348.8942
2179,2013-04-22,8.2841,8.2841,1.4882,1.2632,1.2632,3.1726,3.1726,6072291.7914
2180,2013-04-19,8.0528,8.0528,1.4467,1.2279,1.2279,3.2637,3.2637,5902760.8023
2181,2013-04-18,7.8636,7.8636,1.4127,1.1991,1.1991,3.3422,3.3422,5764053.6294
2182,2013-04-17,7.9056,7.9056,1.4202,1.2055,1.2055,3.3245,3.3245,5794877.4456
2183,2013-04-16,8.0003,8.0003,1.4372,1.2199,1.2199,3.2852,3.2852,5864231.0321
2184,2013-04-15,8.0213,8.0213,1.441,1.2231,1.2231,3.2765,3.2765,5879642.9402
2185,2013-04-12,8.4839,8.4839,1.5241,1.2936,1.2936,3.0979,3.0979,6218704.9184
2186,2013-04-11,8.61,8.61,1.5468,1.3129,1.3129,3.0525,3.0525,6311176.367
2187,2013-04-10,8.61,8.61,1.5468,1.3129,1.3129,3.0525,3.0525,6311176.367
2188,2013-04-09,8.6836,8.6836,1.56,1.3241,1.3241,3.0266,3.0266,6365118.0453
2189,2013-04-08,8.5995,8.5995,1.5449,1.3113,1.3113,3.0562,3.0562,6303470.4129
2190,2013-04-03,8.6626,8.6626,1.5562,1.3209,1.3209,3.034,3.034,6349706.1372
2191,2013-04-02,8.6205,8.6205,1.5487,1.3145,1.3145,3.0488,3.0488,6318882.321
2192,2013-04-01,8.5469,8.5469,1.5354,1.3033,1.3033,3.075,3.075,6264940.6427
2193,2013-03-29,8.4523,8.4523,1.5184,1.2888,1.2888,3.1095,3.1095,6195587.0562
2194,2013-03-28,7.8152,6.9544,1.559,1.3608,1.207,3.0562,3.0562,6303470.4129
2195,2013-03-27,8.0158,7.133,1.599,1.3957,1.238,2.9797,2.9797,6465295.448
2196,2013-03-26,8.0445,7.1585,1.6047,1.4007,1.2424,2.9691,2.9691,6488413.3101
2197,2013-03-25,8.1783,7.2775,1.6314,1.424,1.2631,2.9206,2.9206,6596296.6668
2198,2013-03-22,8.1305,7.235,1.6219,1.4157,1.2557,2.9377,2.9377,6557766.8966
2199,2013-03-21,8.1878,7.286,1.6333,1.4257,1.2646,2.9172,2.9172,6604002.6209
2200,2013-03-20,8.2451,7.337,1.6447,1.4356,1.2734,2.8969,2.8969,6650238.3452
2201,2013-03-19,7.9776,7.099,1.5914,1.3891,1.2321,2.994,2.994,6434471.6318
2202,2013-03-18,7.9299,7.0565,1.5818,1.3807,1.2247,3.012,3.012,6395941.8615
2203,2013-03-15,8.0923,7.201,1.6142,1.409,1.2498,2.9516,2.9516,6526943.0804
2204,2013-03-14,8.0063,7.1245,1.5971,1.394,1.2365,2.9833,2.9833,6457589.4939
2205,2013-03-13,8.0063,7.1245,1.5971,1.394,1.2365,2.9833,2.9833,6457589.4939
2206,2013-03-12,8.2069,7.303,1.6371,1.429,1.2675,2.9104,2.9104,6619414.529
2207,2013-03-11,8.1687,7.269,1.6295,1.4223,1.2616,2.924,2.924,6588590.7128
2208,2013-03-08,8.2451,7.337,1.6447,1.4356,1.2734,2.8969,2.8969,6650238.3452
2209,2013-03-07,8.2738,7.3625,1.6504,1.4406,1.2778,2.8868,2.8868,6673356.2073
2210,2013-03-06,8.2165,7.3115,1.639,1.4306,1.269,2.907,2.907,6627120.483
2211,2013-03-05,8.2738,7.3625,1.6504,1.4406,1.2778,2.8868,2.8868,6673356.2073
2212,2013-03-04,8.2451,7.337,1.6447,1.4356,1.2734,2.8969,2.8969,6650238.3452
2213,2013-03-01,8.9426,7.9577,1.7839,1.5571,1.3811,2.6709,2.6709,7212772.9908
2214,2013-02-28,8.9617,7.9747,1.7877,1.5604,1.3841,2.6652,2.6652,7228184.8989
2215,2013-02-27,8.6751,7.7196,1.7305,1.5105,1.3398,2.7533,2.7533,6997006.2774
2216,2013-02-26,8.6846,7.7281,1.7324,1.5122,1.3413,2.7503,2.7503,7004712.2315
2217,2013-02-21,8.7802,7.8131,1.7515,1.5288,1.356,2.7203,2.7203,7081771.772
2218,2013-02-20,9.2292,8.2127,1.841,1.607,1.4254,2.588,2.588,7443951.6123
2219,2013-02-19,9.1241,8.1192,1.8201,1.5887,1.4092,2.6178,2.6178,7359186.1178
2220,2013-02-18,9.4585,8.4167,1.8868,1.6469,1.4608,2.5253,2.5253,7628894.5095
2221,2013-02-08,9.6687,8.6038,1.9287,1.6835,1.4933,2.4704,2.4704,7798425.4986
2222,2013-02-07,9.7356,8.6633,1.942,1.6951,1.5036,2.4534,2.4534,7852367.177
2223,2013-02-06,9.5445,8.4933,1.9039,1.6619,1.4741,2.5025,2.5025,7698248.096
2224,2013-02-05,9.5636,8.5103,1.9077,1.6652,1.477,2.4975,2.4975,7713660.0041
2225,2013-02-04,9.0668,8.0682,1.8086,1.5787,1.4003,2.6344,2.6344,7312950.3935
2226,2013-02-01,9.277,8.2552,1.8506,1.6153,1.4328,2.5747,2.5747,7482481.3826
2227,2013-01-31,8.8375,7.8641,1.7629,1.5388,1.3649,2.7027,2.7027,7128007.4963
2228,2013-01-30,8.7611,7.7961,1.7476,1.5255,1.3531,2.7263,2.7263,7066359.8639
2229,2013-01-29,8.8279,7.8556,1.761,1.5371,1.3634,2.7056,2.7056,7120301.5422
2230,2013-01-28,8.8279,7.8556,1.761,1.5371,1.3634,2.7056,2.7056,7120301.5422
2231,2013-01-25,8.5127,7.5751,1.6981,1.4822,1.3147,2.8058,2.8058,6866005.0586
2232,2013-01-24,8.484,7.5496,1.6924,1.4772,1.3103,2.8153,2.8153,6842887.1964
2233,2013-01-23,8.5031,7.5666,1.6962,1.4806,1.3132,2.809,2.809,6858299.1045
2234,2013-01-22,8.6369,7.6856,1.7229,1.5038,1.3339,2.7655,2.7655,6966182.4612
2235,2013-01-21,8.8948,7.9151,1.7743,1.5488,1.3737,2.6853,2.6853,7174243.2206
2236,2013-01-18,8.656,7.7026,1.7267,1.5072,1.3369,2.7594,2.7594,6981594.3693
2237,2013-01-17,8.5604,7.6176,1.7076,1.4905,1.3221,2.7902,2.7902,6904534.8288
2238,2013-01-16,8.6273,7.6771,1.721,1.5022,1.3324,2.7685,2.7685,6958476.5072
2239,2013-01-15,8.7133,7.7536,1.7381,1.5171,1.3457,2.7412,2.7412,7027830.0936
2240,2013-01-14,8.5795,7.6346,1.7114,1.4939,1.3251,2.784,2.784,6919946.7369
2241,2013-01-11,8.2547,7.3455,1.6466,1.4373,1.2749,2.8935,2.8935,6657944.2992
2242,2013-01-10,8.5031,7.5666,1.6962,1.4806,1.3132,2.809,2.809,6858299.1045
2243,2013-01-09,8.5031,7.5666,1.6962,1.4806,1.3132,2.809,2.809,6858299.1045
2244,2013-01-07,8.7802,7.8131,1.7515,1.5288,1.356,2.7203,2.7203,7081771.772
2245,2013-01-04,8.7897,7.8216,1.7534,1.5305,1.3575,2.7174,2.7174,7089477.726
2246,2012-12-31,8.7993,7.8301,1.7553,1.5321,1.359,2.1716,2.7144,7097183.6801
2247,2012-12-28,8.8757,7.8981,1.7705,1.5454,1.3708,2.1529,2.6911,7158831.3125
2248,2012-12-27,8.7802,7.8131,1.7515,1.5288,1.356,2.1763,2.7203,7081771.772
2249,2012-12-26,8.9521,7.9662,1.7858,1.5587,1.3826,2.1345,2.6681,7220478.9449
2250,2012-12-25,8.9521,7.9662,1.7858,1.5587,1.3826,2.1345,2.6681,7220478.9449
2251,2012-12-24,8.6846,7.7281,1.7324,1.5122,1.3413,2.2002,2.7503,7004712.2315
2252,2012-12-21,8.6942,7.7366,1.7343,1.5138,1.3428,2.1978,2.7473,7012418.1855
2253,2012-12-20,8.7897,7.8216,1.7534,1.5305,1.3575,2.1739,2.7174,7089477.726
2254,2012-12-19,8.7897,7.8216,1.7534,1.5305,1.3575,2.1739,2.7174,7089477.726
2255,2012-12-18,8.484,7.5496,1.6924,1.4772,1.3103,2.2523,2.8153,6842887.1964
2256,2012-12-17,8.5413,7.6006,1.7038,1.4872,1.3192,2.2371,2.7964,6889122.9207
2257,2012-12-14,8.5031,7.5666,1.6962,1.4806,1.3132,2.2472,2.809,6858299.1045
2258,2012-12-13,8.0827,7.1925,1.6123,1.4074,1.2483,2.3641,2.9551,6519237.1263
2259,2012-12-12,8.2165,7.3115,1.639,1.4306,1.269,2.3256,2.907,6627120.483
2260,2012-12-11,8.1592,7.2605,1.6276,1.4207,1.2601,2.3419,2.9274,6580884.7587
2261,2012-12-10,8.2451,7.337,1.6447,1.4356,1.2734,2.3175,2.8969,6650238.3452
2262,2012-12-07,8.1783,7.2775,1.6314,1.424,1.2631,2.3364,2.9206,6596296.6668
2263,2012-12-06,7.9776,7.099,1.5914,1.3891,1.2321,2.3952,2.994,6434471.6318
2264,2012-12-05,8.0923,7.201,1.6142,1.409,1.2498,2.3613,2.9516,6526943.0804
2265,2012-12-04,7.6337,6.7929,1.5228,1.3292,1.179,2.5031,3.1289,6157057.286
2266,2012-12-03,7.5095,6.6824,1.498,1.3075,1.1598,2.5445,3.1807,6056879.8833
2267,2012-11-30,7.5955,6.7589,1.5151,1.3225,1.1731,2.5157,3.1447,6126233.4698
2268,2012-11-29,7.5477,6.7164,1.5056,1.3142,1.1657,2.5316,3.1646,6087703.6995
2269,2012-11-28,7.5477,6.7164,1.5056,1.3142,1.1657,2.5316,3.1646,6087703.6995
2270,2012-11-27,7.5859,6.7504,1.5132,1.3209,1.1716,2.5189,3.1486,6118527.5157
2271,2012-11-26,7.6623,6.8184,1.5285,1.3342,1.1834,2.4938,3.1172,6180175.1481
2272,2012-11-23,7.8057,6.9459,1.5571,1.3591,1.2055,2.448,3.06,6295764.4589
2273,2012-11-22,7.7866,6.9289,1.5533,1.3558,1.2026,2.454,3.0675,6280352.5508
2274,2012-11-21,7.8725,7.0055,1.5704,1.3708,1.2159,2.4272,3.034,6349706.1372
2275,2012-11-20,7.7579,6.9034,1.5475,1.3508,1.1982,2.4631,3.0788,6257234.6886
2276,2012-11-19,7.8439,6.98,1.5647,1.3658,1.2114,2.4361,3.0451,6326588.2751
2277,2012-11-16,7.7674,6.9119,1.5494,1.3525,1.1996,2.46,3.075,6264940.6427
2278,2012-11-15,7.7579,6.9034,1.5475,1.3508,1.1982,2.4631,3.0788,6257234.6886
2279,2012-11-14,7.7866,6.9289,1.5533,1.3558,1.2026,2.454,3.0675,6280352.5508
2280,2012-11-13,7.7961,6.9374,1.5552,1.3574,1.2041,2.451,3.0637,6288058.5048
2281,2012-11-12,7.9012,7.031,1.5761,1.3757,1.2203,2.4184,3.023,6372823.9994
2282,2012-11-09,7.8534,6.9885,1.5666,1.3674,1.2129,2.4331,3.0414,6334294.2291
2283,2012-11-08,7.9012,7.031,1.5761,1.3757,1.2203,2.4184,3.023,6372823.9994
2284,2012-11-07,8.1783,7.2775,1.6314,1.424,1.2631,2.3364,2.9206,6596296.6668
2285,2012-11-06,8.3025,7.388,1.6562,1.4456,1.2823,2.3015,2.8769,6696474.0695
2286,2012-11-05,8.3885,7.4646,1.6733,1.4606,1.2955,2.2779,2.8474,6765827.6559
2287,2012-11-02,8.2738,7.3625,1.6504,1.4406,1.2778,2.3095,2.8868,6673356.2073
2288,2012-11-01,8.2547,7.3455,1.6466,1.4373,1.2749,2.3148,2.8935,6657944.2992
2289,2012-10-31,8.0158,7.133,1.599,1.3957,1.238,2.3838,2.9797,6465295.448
2290,2012-10-30,8.1018,7.2131,1.6731,1.4107,1.274,2.3585,2.9481,6534649.0344
2291,2012-10-29,7.9872,7.111,1.6494,1.3907,1.2559,2.3923,2.9904,6442177.5858
2292,2012-10-26,8.0732,7.1876,1.6671,1.4057,1.2695,2.3669,2.9586,6511531.1723
2293,2012-10-25,8.3885,7.4683,1.7323,1.4606,1.319,2.2779,2.8474,6765827.6559
2294,2012-10-24,8.5127,7.5789,1.7579,1.4822,1.3386,2.2447,2.8058,6866005.0586
2295,2012-10-23,8.5509,7.6129,1.7658,1.4889,1.3446,2.2346,2.7933,6896828.8748
2296,2012-10-22,8.6655,7.715,1.7895,1.5088,1.3626,2.2051,2.7563,6989300.3234
2297,2012-10-19,8.5986,7.6554,1.7757,1.4972,1.3521,2.2222,2.7778,6935358.645
2298,2012-10-18,8.4744,7.5448,1.75,1.4756,1.3326,2.2548,2.8185,6835181.2424
2299,2012-10-17,8.226,7.3237,1.6987,1.4323,1.2935,2.3229,2.9036,6634826.4371
2300,2012-10-16,8.226,7.3237,1.6987,1.4323,1.2935,2.3229,2.9036,6634826.4371
2301,2012-10-15,8.2643,7.3577,1.7066,1.439,1.2995,2.3121,2.8902,6665650.2533
2302,2012-10-12,8.2356,7.3322,1.7007,1.434,1.295,2.3202,2.9002,6642532.3911
2303,2012-10-11,8.2069,7.3067,1.6948,1.429,1.2905,2.3283,2.9104,6619414.529
2304,2012-10-10,8.3407,7.4257,1.7224,1.4523,1.3115,2.291,2.8637,6727297.8857
2305,2012-10-09,8.3407,7.4257,1.7224,1.4523,1.3115,2.291,2.8637,6727297.8857
2306,2012-10-08,8.1114,7.2216,1.675,1.4123,1.2755,2.3557,2.9446,6542354.9885
2307,2012-09-28,8.2356,7.3322,1.7007,1.434,1.295,2.3202,2.9002,6642532.3911
2308,2012-09-27,8.0541,7.1706,1.6632,1.4024,1.2665,2.3725,2.9656,6496119.2642
2309,2012-09-26,7.7483,6.8984,1.6001,1.3491,1.2184,2.4661,3.0826,6249528.7346
2310,2012-09-25,7.8534,6.9919,1.6218,1.3674,1.2349,2.4331,3.0414,6334294.2291
2311,2012-09-24,7.9394,7.0685,1.6395,1.3824,1.2484,2.4067,3.0084,6403647.8156
2312,2012-09-21,7.6815,6.8388,1.5863,1.3375,1.2079,2.4876,3.1095,6195587.0562
2313,2012-09-20,7.6432,6.8048,1.5784,1.3308,1.2019,2.5,3.125,6164763.24
2314,2012-09-19,7.9012,7.0345,1.6316,1.3757,1.2424,2.4184,3.023,6372823.9994
2315,2012-09-18,7.8439,6.9834,1.6198,1.3658,1.2334,2.4361,3.0451,6326588.2751
2316,2012-09-17,7.8439,6.9834,1.6198,1.3658,1.2334,2.4361,3.0451,6326588.2751
2317,2012-09-14,8.3885,7.4683,1.7323,1.4606,1.319,2.2779,2.8474,6765827.6559
2318,2012-09-13,8.3502,7.4343,1.7244,1.4539,1.313,2.2883,2.8604,6735003.8397
2319,2012-09-12,8.5986,7.6554,1.7757,1.4972,1.3521,2.2222,2.7778,6935358.645
2320,2012-09-11,8.4553,7.5278,1.7461,1.4722,1.3296,2.2599,2.8249,6819769.3343
2321,2012-09-10,8.5986,7.6554,1.7757,1.4972,1.3521,2.2222,2.7778,6935358.645
2322,2012-09-07,8.4076,7.4853,1.7362,1.4639,1.322,2.2727,2.8409,6781239.564
2323,2012-09-06,7.6432,6.8048,1.5784,1.3308,1.2019,2.5,3.125,6164763.24
2324,2012-09-05,7.5095,6.6857,1.5507,1.3075,1.1808,2.5445,3.1807,6056879.8833
2325,2012-09-04,7.605,6.7708,1.5705,1.3242,1.1958,2.5126,3.1407,6133939.4238
2326,2012-09-03,7.9012,7.0345,1.6316,1.3757,1.2424,2.4184,3.023,6372823.9994
2327,2012-08-31,7.7674,6.9154,1.604,1.3525,1.2214,2.46,3.075,6264940.6427
2328,2012-08-30,7.7579,7.6958,1.759,1.3508,1.3258,2.4631,3.0788,6257234.6886
2329,2012-08-29,7.6719,7.6105,1.7395,1.3358,1.3111,2.4907,3.1133,6187881.1022
2330,2012-08-28,7.7579,7.6958,1.759,1.3508,1.3258,2.4631,3.0788,6257234.6886
2331,2012-08-27,7.7101,7.6484,1.7482,1.3425,1.3176,2.4783,3.0979,6218704.9184
2332,2012-08-24,8.0063,7.9422,1.8154,1.394,1.3682,2.3866,2.9833,6457589.4939
2333,2012-08-23,8.5509,8.4824,1.9388,1.4889,1.4613,2.2346,2.7933,6896828.8748
2334,2012-08-22,8.5986,8.5298,1.9497,1.4972,1.4695,2.2222,2.7778,6935358.645
2335,2012-08-21,8.5318,8.4635,1.9345,1.4855,1.458,2.2396,2.7996,6881416.9667
2336,2012-08-20,8.5031,8.435,1.928,1.4806,1.4531,2.2472,2.809,6858299.1045
2337,2012-08-17,8.7993,8.7288,1.9952,1.5321,1.5038,2.1716,2.7144,7097183.6801
2338,2012-08-16,8.8853,8.8141,2.0147,1.5471,1.5185,2.1505,2.6882,7166537.2665
2339,2012-08-15,8.8279,8.7573,2.0017,1.5371,1.5087,2.1645,2.7056,7120301.5422
2340,2012-08-14,8.9617,8.8899,2.032,1.5604,1.5315,2.1322,2.6652,7228184.8989
2341,2012-08-13,8.8375,8.7667,2.0038,1.5388,1.5103,2.1622,2.7027,7128007.4963
2342,2012-08-10,9.3725,9.2975,2.1251,1.6319,1.6017,2.0387,2.5484,7559540.9231
2343,2012-08-09,9.4203,9.3449,2.136,1.6403,1.6099,2.0284,2.5355,7598070.6933
2344,2012-08-08,9.2865,9.2122,2.1056,1.617,1.587,2.0576,2.572,7490187.3366
2345,2012-08-07,9.4203,9.3449,2.136,1.6403,1.6099,2.0284,2.5355,7598070.6933
2346,2012-08-06,9.3821,9.307,2.1273,1.6336,1.6034,2.0367,2.5458,7567246.8771
2347,2012-08-03,9.2006,9.1269,2.0861,1.602,1.5723,2.0768,2.5961,7420833.7502
2348,2012-08-02,9.4203,9.3449,2.0262,1.6403,1.6099,2.0284,,7598070.6933
2349,2012-08-01,9.4681,9.3923,2.0365,1.6486,1.6181,2.0182,,7636600.4636
2350,2012-07-31,9.1719,9.0984,1.9728,1.597,1.5674,2.0833,,7397715.888
2351,2012-07-30,9.1623,9.089,1.9707,1.5953,1.5658,2.0855,,7390009.934
2352,2012-07-27,8.9713,8.8994,1.9296,1.5621,1.5332,2.1299,,7235890.853
2353,2012-07-26,8.7515,8.6814,1.8824,1.5238,1.4956,2.1834,,7058653.9098
2354,2012-07-25,8.7037,8.634,1.8721,1.5155,1.4874,2.1954,,7020124.1396
2355,2012-07-24,8.7133,8.6435,1.8742,1.5171,1.4891,2.193,,7027830.0936
2356,2012-07-23,8.6942,8.6246,1.87,1.5138,1.4858,2.1978,,7012418.1855
2357,2012-07-20,8.9426,8.871,1.9235,1.5571,1.5283,2.1368,,7212772.9908
2358,2012-07-19,9.5541,9.4776,2.055,1.6635,1.6327,2.0,,7705954.05
2359,2012-07-18,9.5923,9.5155,2.0632,1.6702,1.6393,1.992,,7736777.8662
2360,2012-07-17,9.64,9.5628,2.0735,1.6785,1.6474,1.9822,,7775307.6365
2361,2012-07-16,9.7165,9.6387,2.0899,1.6918,1.6605,1.9666,,7836955.2689
2362,2012-07-13,9.8789,9.7998,2.1249,1.7201,1.6883,1.9342,1.9342,7967956.4877
2363,2012-07-12,9.6974,9.6197,2.0858,1.6885,1.6572,1.9704,1.9704,7821543.3608
2364,2012-07-11,9.5923,9.5155,2.0632,1.6702,1.6393,1.992,1.992,7736777.8662
2365,2012-07-10,9.2674,9.1932,1.9933,1.6136,1.5838,2.0619,2.0619,7474775.4285
2366,2012-07-09,9.0955,9.0226,1.9564,1.5837,1.5544,2.1008,2.1008,7336068.2556
2367,2012-07-06,9.2674,9.1932,1.9933,1.6136,1.5838,2.0619,2.0619,7474775.4285
2368,2012-07-05,8.8279,8.7573,1.8988,1.5371,1.5087,2.1645,2.1645,7120301.5422
2369,2012-07-04,9.0668,8.9942,1.9502,1.5787,1.5495,2.1075,2.1075,7312950.3935
2370,2012-07-03,9.4107,9.3354,2.0242,1.6386,1.6083,2.0305,2.0305,7590364.7393
2371,2012-07-02,9.726,9.6481,2.092,1.6935,1.6621,1.9646,1.9646,7844661.2229
2372,2012-06-28,9.5827,9.506,2.0612,1.6685,1.6376,1.994,1.994,7729071.9122
2373,2012-06-27,9.5636,9.487,2.0571,1.6652,1.6344,1.998,1.998,7713660.0041
2374,2012-06-26,9.5636,9.487,2.0571,1.6652,1.6344,1.998,1.998,7713660.0041
2375,2012-06-25,9.7451,9.6671,2.0961,1.6968,1.6654,1.9608,1.9608,7860073.131
2376,2012-06-21,9.9171,9.8377,2.1331,1.7268,1.6948,1.9268,1.9268,7998780.3039
2377,2012-06-20,9.8693,9.7903,2.1228,1.7184,1.6866,1.9361,1.9361,7960250.5337
2378,2012-06-19,9.9267,9.8472,2.1351,1.7284,1.6964,1.9249,1.9249,8006486.258
2379,2012-06-18,10.2324,10.1505,2.2009,1.7817,1.7487,1.8674,1.8674,8253076.7876
2380,2012-06-15,10.0509,9.9704,2.1619,1.75,1.7177,1.9011,1.9011,8106663.6606
2381,2012-06-14,10.2802,10.1978,2.2112,1.79,1.7568,1.8587,1.8587,8291606.5578
2382,2012-06-13,10.5477,10.4632,2.2687,1.8365,1.8026,1.8116,1.8116,8507373.2712
2383,2012-06-12,10.4139,10.3305,2.2399,1.8133,1.7797,1.8349,1.8349,8399489.9145
2384,2012-06-11,10.4044,10.3211,2.2379,1.8116,1.7781,1.8365,1.8365,8391783.9605
2385,2012-06-08,10.2228,10.141,2.1988,1.78,1.747,1.8692,1.8692,8245370.8335
2386,2012-06-07,10.1082,10.0272,2.1742,1.76,1.7274,1.8904,1.8904,8152899.3849
2387,2012-06-06,10.1273,10.0462,2.1783,1.7634,1.7307,1.8868,1.8868,8168311.293
2388,2012-06-05,10.0126,9.9325,2.1536,1.7434,1.7111,1.9084,1.9084,8075839.8444
2389,2012-06-04,10.1368,10.0557,2.1804,1.765,1.7323,1.885,1.885,8176017.2471
2390,2012-06-01,10.5095,10.4253,2.2605,1.8299,1.796,1.8182,1.8182,8476549.455
2391,2012-05-31,10.3661,10.2831,2.2297,1.8049,1.7715,1.8433,1.8433,8360960.1443
2392,2012-05-30,10.5381,10.4537,2.2667,1.8349,1.8009,1.8132,1.8132,8499667.3172
2393,2012-05-29,10.6432,10.558,2.2893,1.8532,1.8189,1.7953,1.7953,8584432.8117
2394,2012-05-28,10.6528,10.5675,2.2913,1.8548,1.8205,1.7937,1.7937,8592138.7658
2395,2012-05-25,9.9362,9.8567,2.1372,1.7301,1.6981,1.9231,1.9231,8014192.212
2396,2012-05-24,10.0126,9.9325,2.1536,1.7434,1.7111,1.9084,1.9084,8075839.8444
2397,2012-05-23,9.8502,9.7714,2.1187,1.7151,1.6834,1.9399,1.9399,7944838.6256
2398,2012-05-22,9.8407,9.7619,2.1166,1.7134,1.6817,1.9417,1.9417,7937132.6715
2399,2012-05-21,9.1814,9.1079,1.9749,1.5987,1.5691,2.0812,2.0812,7405421.8421
2400,2012-05-18,9.1814,9.1079,1.9749,1.5987,1.5691,2.0812,2.0812,7405421.8421
2401,2012-05-17,9.4298,9.3543,2.0283,1.6419,1.6115,2.0263,2.0263,7605776.6474
2402,2012-05-16,9.2579,9.1837,1.9913,1.612,1.5821,2.064,2.064,7467069.4745
2403,2012-05-15,9.5541,9.4776,2.055,1.6635,1.6327,2.0,2.0,7705954.05
2404,2012-05-14,9.4681,9.3923,2.0365,1.6486,1.6181,2.0182,2.0182,7636600.4636
2405,2012-05-11,9.4872,9.4112,2.0406,1.6519,1.6213,2.0141,2.0141,7652012.3717
2406,2012-05-10,9.5732,9.4965,2.0591,1.6669,1.636,1.996,1.996,7721365.9581
2407,2012-05-09,9.6305,9.5534,2.0714,1.6768,1.6458,1.9841,1.9841,7767601.6824
2408,2012-05-08,9.9076,9.8282,2.131,1.7251,1.6932,1.9286,1.9286,7991074.3499
2409,2012-05-07,10.0031,9.923,2.1516,1.7417,1.7095,1.9102,1.9102,8068133.8904
2410,2012-05-04,9.9649,9.8851,2.1434,1.7351,1.703,1.9175,1.9175,8037310.0742
2411,2012-05-03,10.0126,9.9325,2.1536,1.7434,1.7111,1.9084,1.9084,8075839.8444
2412,2012-05-02,9.7833,9.705,2.1043,1.7035,1.6719,1.9531,1.9531,7890896.9472
2413,2012-04-27,9.4681,9.3923,2.0365,1.6486,1.6181,2.0182,2.0182,7636600.4636
2414,2012-04-26,9.64,9.64,2.1935,1.6785,1.6785,1.9822,1.9822,7775307.6365
2415,2012-04-25,9.5349,9.5349,2.1696,1.6602,1.6602,2.004,2.004,7690542.1419
2416,2012-04-24,9.4872,9.4872,2.1588,1.6519,1.6519,2.0141,2.0141,7652012.3717
2417,2012-04-23,9.5541,9.5541,2.174,1.6635,1.6635,2.0,2.0,7705954.05
2418,2012-04-20,9.4203,9.4203,2.1435,1.6403,1.6403,2.0284,2.0284,7598070.6933
2419,2012-04-19,9.4776,9.4776,2.1566,1.6502,1.6502,2.0161,2.0161,7644306.4176
2420,2012-04-18,9.5254,9.5254,2.1674,1.6586,1.6586,2.006,2.006,7682836.1879
2421,2012-04-17,9.105,9.105,2.0718,1.5854,1.5854,2.0986,2.0986,7343774.2097
2422,2012-04-16,9.4107,9.4107,2.1414,1.6386,1.6386,2.0305,2.0305,7590364.7393
2423,2012-04-13,9.4394,9.4394,2.1479,1.6436,1.6436,2.0243,2.0243,7613482.6014
2424,2012-04-12,9.2961,9.2961,2.1153,1.6186,1.6186,2.0555,2.0555,7497893.2907
2425,2012-04-11,9.1432,9.1432,2.0805,1.592,1.592,2.0899,2.0899,7374598.0259
2426,2012-04-10,9.2101,9.2101,2.0957,1.6037,1.6037,2.0747,2.0747,7428539.7042
2427,2012-04-09,9.0572,9.0572,2.0609,1.577,1.577,2.1097,2.1097,7305244.4394
2428,2012-04-06,8.8471,8.8471,2.0131,1.5404,1.5404,2.1598,2.1598,7135713.4503
2429,2012-04-05,8.8088,8.8088,2.0044,1.5338,1.5338,2.1692,2.1692,7104889.6341
2430,2012-03-30,8.2738,8.2738,1.8827,1.4406,1.4406,2.3095,2.3095,6673356.2073
2431,2012-03-29,8.1974,8.1974,1.8653,1.4273,1.4273,2.331,2.331,6611708.5749
2432,2012-03-28,8.4267,8.4267,1.9174,1.4672,1.4672,2.2676,2.2676,6796651.4721
2433,2012-03-27,8.6942,8.6942,1.9783,1.5138,1.5138,2.1978,2.1978,7012418.1855
2434,2012-03-26,8.7802,8.7802,1.9979,1.5288,1.5288,2.1763,2.1763,7081771.772
2435,2012-03-23,8.6751,8.6751,1.974,1.5105,1.5105,2.2026,2.2026,6997006.2774
2436,2012-03-22,8.9235,8.9235,2.0305,1.5537,1.5537,2.1413,2.1413,7197361.0827
2437,2012-03-21,8.9713,8.9713,2.0414,1.5621,1.5621,2.1299,2.1299,7235890.853
2438,2012-03-20,9.0763,9.0763,2.0653,1.5804,1.5804,2.1053,2.1053,7320656.3475
2439,2012-03-19,9.2674,9.2674,2.1088,1.6136,1.6136,2.0619,2.0619,7474775.4285
2440,2012-03-16,9.3056,9.3056,2.1174,1.6203,1.6203,2.0534,2.0534,7505599.2447
2441,2012-03-15,15.9385,9.9139,2.2258,2.3099,1.7919,2.0725,2.0725,7436245.6583
2442,2012-03-14,15.7733,9.8112,2.2027,2.286,1.7734,2.0942,2.0942,7359186.1178
2443,2012-03-13,16.2688,10.1194,2.2719,2.3578,1.8291,2.0305,2.0305,7590364.7393
2444,2012-03-12,16.2523,10.1091,2.2696,2.3554,1.8272,2.0325,2.0325,7582658.7852
2445,2012-03-09,16.4175,10.2118,2.2927,2.3793,1.8458,2.0121,2.0121,7659718.3257
2446,2012-03-08,16.2193,10.0885,2.265,2.3506,1.8235,2.0367,2.0367,7567246.8771
2447,2012-03-07,16.0871,10.0064,2.2466,2.3315,1.8086,2.0534,2.0534,7505599.2447
2448,2012-03-06,16.2688,10.1194,2.2719,2.3578,1.8291,2.0305,2.0305,7590364.7393
2449,2012-03-05,16.8304,10.4687,2.3504,2.4392,1.8922,1.9627,1.9627,7852367.177
2450,2012-03-02,16.3679,10.181,2.2858,2.3722,1.8402,2.0182,2.0182,7636600.4636
2451,2012-03-01,15.9385,9.9139,2.2258,2.3099,1.7919,2.0725,2.0725,7436245.6583
2452,2012-02-29,15.8559,9.8625,2.2143,2.298,1.7826,2.0833,2.0833,7397715.888
2453,2012-02-28,15.955,9.9242,2.2281,2.3123,1.7938,2.0704,2.0704,7443951.6123
2454,2012-02-27,16.0376,9.9755,2.2396,2.3243,1.8031,2.0597,2.0597,7482481.3826
2455,2012-02-24,16.1697,10.0577,2.2581,2.3434,1.8179,2.0429,2.0429,7544129.015
2456,2012-02-23,15.7568,9.8009,2.2004,2.2836,1.7715,2.0964,2.0964,7351480.1637
2457,2012-02-22,15.4265,9.5954,2.1543,2.2357,1.7344,2.1413,2.1413,7197361.0827
2458,2012-02-21,15.2283,9.4721,2.1266,2.207,1.7121,2.1692,2.1692,7104889.6341
2459,2012-02-20,15.1787,9.4413,2.1197,2.1998,1.7065,2.1763,2.1763,7081771.772
2460,2012-02-17,15.0631,9.3694,2.1036,2.1831,1.6935,2.193,2.193,7027830.0936
2461,2012-02-16,15.0961,9.3899,2.1082,2.1878,1.6972,2.1882,2.1882,7043242.0017
2462,2012-02-15,15.3109,9.5235,2.1382,2.219,1.7214,2.1575,2.1575,7143419.4044
2463,2012-02-14,15.1457,9.4208,2.1151,2.195,1.7028,2.181,2.181,7066359.8639
2464,2012-02-13,15.2613,9.4927,2.1312,2.2118,1.7158,2.1645,2.1645,7120301.5422
2465,2012-02-10,15.3769,9.5646,2.1474,2.2285,1.7288,2.1482,2.1482,7174243.2206
2466,2012-02-09,15.0136,9.3386,2.0966,2.1759,1.6879,2.2002,2.2002,7004712.2315
2467,2012-02-08,15.0796,9.3797,2.1059,2.1854,1.6954,2.1906,2.1906,7035536.0477
2468,2012-02-07,14.5346,9.0406,2.0297,2.1065,1.6341,2.2727,2.2727,6781239.564
2469,2012-02-06,14.7988,9.205,2.0667,2.1448,1.6638,2.2321,2.2321,6904534.8288
2470,2012-02-03,14.8814,9.2564,2.0782,2.1567,1.6731,2.2198,2.2198,6943064.5991
2471,2012-02-02,14.8979,9.2667,2.0805,2.1591,1.6749,2.2173,2.2173,6950770.5531
2472,2012-02-01,14.3859,8.9482,2.009,2.0849,1.6174,2.2962,2.2962,6711885.9776
2473,2012-01-31,15.0466,9.3591,2.1012,2.1807,1.6917,2.1954,2.1954,7020124.1396
2474,2012-01-30,15.2943,9.5132,2.1358,2.2166,1.7195,2.1598,2.1598,7135713.4503
2475,2012-01-20,15.3274,9.5338,2.1405,2.2214,1.7232,2.1552,2.1552,7151125.3584
2476,2012-01-19,14.9145,9.2769,2.0828,2.1615,1.6768,2.2148,2.2148,6958476.5072
2477,2012-01-18,14.8319,9.2256,2.0713,2.1495,1.6675,2.2272,2.2272,6919946.7369
2478,2012-01-17,14.8319,9.2256,2.0713,2.1495,1.6675,2.2272,2.2272,6919946.7369
2479,2012-01-16,13.8574,8.6194,1.9352,2.0083,1.558,2.3838,2.3838,6465295.448
2480,2012-01-13,13.4115,8.3421,1.8729,1.9437,1.5078,2.4631,2.4631,6257234.6886
2481,2012-01-12,13.6097,8.4653,1.9006,1.9724,1.5301,2.4272,2.4272,6349706.1372
2482,2012-01-11,13.7088,8.527,1.9144,1.9868,1.5412,2.4096,2.4096,6395941.8615
2483,2012-01-10,13.494,8.3934,1.8844,1.9557,1.5171,2.448,2.448,6295764.4589
2484,2012-01-09,12.6517,7.8695,1.7668,1.8336,1.4224,2.611,2.611,5902760.8023
2485,2012-01-06,12.0406,7.4894,1.6815,1.745,1.3537,2.7435,2.7435,5617640.5025
2486,2012-01-05,12.0571,7.4996,1.6838,1.7474,1.3556,2.7397,2.7397,5625346.4565
2487,2012-01-04,12.47,7.7565,1.7414,1.8072,1.402,2.649,2.649,5817995.3078
2488,2011-12-30,12.7012,7.9003,1.7737,1.8408,1.428,1.7153,2.6008,5925878.6645
2489,2011-12-29,12.5526,7.8078,1.753,1.8192,1.4113,1.7356,2.6316,5856525.078
2490,2011-12-28,12.4865,7.7667,1.7437,1.8096,1.4038,1.7448,2.6455,5825701.2618
2491,2011-12-27,12.3379,7.6743,1.723,1.7881,1.3871,1.7658,2.6774,5756347.6754
2492,2011-12-26,12.4535,7.7462,1.7391,1.8048,1.4001,1.7494,2.6525,5810289.3537
2493,2011-12-23,12.5361,7.7976,1.7507,1.8168,1.4094,1.7379,2.635,5848819.124
2494,2011-12-22,12.1066,7.5304,1.6907,1.7546,1.3611,1.7996,2.7285,5648464.3187
2495,2011-12-21,12.0075,7.4688,1.6768,1.7402,1.35,1.8144,2.751,5602228.5944
2496,2011-12-20,12.3379,7.6743,1.723,1.7881,1.3871,1.7658,2.6774,5756347.6754
2497,2011-12-19,12.2718,7.6332,1.7138,1.7785,1.3797,1.7753,2.6918,5725523.8592
2498,2011-12-16,12.4039,7.7154,1.7322,1.7977,1.3945,1.7564,2.6631,5787171.4916
2499,2011-12-15,11.8754,7.3866,1.6584,1.7211,1.3351,1.8346,2.7816,5540580.962
2500,2011-12-14,12.4865,7.7667,1.7437,1.8096,1.4038,1.7448,2.6455,5825701.2618
2501,2011-12-13,12.6847,7.89,1.7714,1.8384,1.4261,1.7175,2.6042,5918172.7104
2502,2011-12-12,12.8499,7.9928,1.7945,1.8623,1.4447,1.6955,2.5707,5995232.2509
2503,2011-12-09,12.982,8.0749,1.8129,1.8814,1.4595,1.6782,2.5445,6056879.8833
2504,2011-12-08,13.0316,8.1058,1.8199,1.8886,1.4651,1.6718,2.5349,6079997.7455
2505,2011-12-07,12.9985,8.0852,1.8152,1.8838,1.4614,1.6761,2.5413,6064585.8374
2506,2011-12-06,13.0481,8.116,1.8222,1.891,1.467,1.6697,2.5316,6087703.6995
2507,2011-12-05,12.8829,8.0133,1.7991,1.8671,1.4484,1.6911,2.5641,6010644.159
2508,2011-12-02,13.4775,8.3831,1.8821,1.9533,1.5152,1.6165,2.451,6288058.5048
2509,2011-12-01,13.7253,8.5372,1.9167,1.9892,1.5431,1.5873,2.4067,6403647.8156
2510,2011-11-30,13.494,8.3934,1.8844,1.9557,1.5171,1.6145,2.448,6295764.4589
2511,2011-11-29,14.1217,8.7838,1.9721,2.0466,1.5877,1.5428,2.3392,6588590.7128
2512,2011-11-28,13.9565,8.6811,1.949,2.0227,1.5691,1.561,2.3669,6511531.1723
2513,2011-11-25,14.3859,8.9482,2.009,2.0849,1.6174,1.5144,2.2962,6711885.9776
2514,2011-11-24,14.6997,9.1434,2.0528,2.1304,1.6527,1.4821,2.2472,6858299.1045
2515,2011-11-23,14.7163,9.1537,2.0551,2.1328,1.6545,1.4804,2.2447,6866005.0586
2516,2011-11-22,14.8484,9.2358,2.0736,2.1519,1.6694,1.4673,2.2247,6927652.691
2517,2011-11-21,14.9805,9.318,2.092,2.1711,1.6842,1.4543,2.2051,6989300.3234
2518,2011-11-18,14.8814,9.2564,2.0782,2.1567,1.6731,1.464,2.2198,6943064.5991
2519,2011-11-17,15.1952,9.4516,2.122,2.2022,1.7084,1.4338,2.1739,7089477.726
2520,2011-11-16,15.2943,9.5132,2.1358,2.2166,1.7195,1.4245,2.1598,7135713.4503
2521,2011-11-15,15.8889,9.8831,2.2189,2.3027,1.7864,1.3712,2.079,7413127.7961
2522,2011-11-14,15.9385,9.9139,2.2258,2.3099,1.7919,1.3669,2.0725,7436245.6583
2523,2011-11-11,15.6577,9.7392,2.1866,2.2692,1.7604,1.3914,2.1097,7305244.4394
2524,2011-11-10,15.7898,9.8214,2.205,2.2884,1.7752,1.3798,2.0921,7366892.0718
2525,2011-11-09,16.2193,10.0885,2.265,2.3506,1.8235,1.3433,2.0367,7567246.8771
2526,2011-11-08,16.0541,9.9858,2.2419,2.3267,1.8049,1.3571,2.0576,7490187.3366
2527,2011-11-07,16.1367,10.0372,2.2535,2.3386,1.8142,1.3501,2.0471,7528717.1069
2528,2011-11-04,16.434,10.2221,2.295,2.3817,1.8476,1.3257,2.0101,7667424.2798
2529,2011-11-03,16.467,10.2426,2.2996,2.3865,1.8514,1.323,2.006,7682836.1879
2530,2011-11-02,16.1367,10.0372,2.2535,2.3386,1.8142,1.3501,2.0471,7528717.1069
2531,2011-11-01,16.0541,9.9858,2.2419,2.3267,1.8049,1.3571,2.0576,7490187.3366
2532,2011-10-31,16.1202,10.0269,2.2512,2.3362,1.8124,1.3515,2.0492,7521011.1528
2533,2011-10-28,16.0376,10.5519,2.3304,2.3243,1.8589,1.3585,2.0597,7482481.3826
2534,2011-10-27,15.7733,10.378,2.292,2.286,1.8283,1.3812,2.0942,7359186.1178
2535,2011-10-26,15.7073,10.3346,2.2824,2.2764,1.8206,1.387,2.103,7328362.3016
2536,2011-10-25,15.4595,10.1716,2.2464,2.2405,1.7919,1.4093,2.1368,7212772.9908
2537,2011-10-24,15.1457,9.9651,2.2008,2.195,1.7555,1.4385,2.181,7066359.8639
2538,2011-10-21,14.9145,9.8129,2.1672,2.1615,1.7287,1.4608,2.2148,6958476.5072
2539,2011-10-20,15.1457,9.9651,2.2008,2.195,1.7555,1.4385,2.181,7066359.8639
2540,2011-10-19,15.6907,10.3237,2.28,2.274,1.8187,1.3885,2.1053,7320656.3475
2541,2011-10-18,15.8229,10.4106,2.2992,2.2932,1.834,1.3769,2.0877,7382303.9799
2542,2011-10-17,16.434,10.8127,2.388,2.3817,1.9048,1.3257,2.0101,7667424.2798
2543,2011-10-14,16.434,10.8127,2.388,2.3817,1.9048,1.3257,2.0101,7667424.2798
2544,2011-10-13,16.5496,10.8888,2.4048,2.3985,1.9182,1.3164,1.996,7721365.9581
2545,2011-10-12,16.3349,10.7475,2.3736,2.3674,1.8934,1.3337,2.0222,7621188.5555
2546,2011-10-10,15.6742,10.3128,2.2776,2.2716,1.8168,1.39,2.1075,7312950.3935
2547,2011-09-30,15.7073,10.3346,2.2824,2.2764,1.8206,1.387,2.103,7328362.3016
2548,2011-09-29,15.8724,10.4432,2.3064,2.3003,1.8398,1.3726,2.0812,7405421.8421
2549,2011-09-28,15.8889,10.4541,2.3088,2.3027,1.8417,1.3712,2.079,7413127.7961
2550,2011-09-27,16.0541,10.5628,2.3328,2.3267,1.8608,1.3571,2.0576,7490187.3366
2551,2011-09-26,15.8724,10.4432,2.3064,2.3003,1.8398,1.3726,2.0812,7405421.8421
2552,2011-09-23,16.1862,10.6497,2.352,2.3458,1.8761,1.346,2.0408,7551834.969
2553,2011-09-22,16.4175,10.8018,2.3856,2.3793,1.9029,1.327,2.0121,7659718.3257
2554,2011-09-21,17.1112,11.2583,2.4864,2.4799,1.9833,1.2732,1.9305,7983368.3958
2555,2011-09-20,16.5331,10.8779,2.4024,2.3961,1.9163,1.3178,1.998,7713660.0041
2556,2011-09-19,16.2358,10.6823,2.3592,2.353,1.8819,1.3419,2.0346,7574952.8312
2557,2011-09-16,16.5496,10.8888,2.4048,2.3985,1.9182,1.3164,1.996,7721365.9581
2558,2011-09-15,16.3844,10.7801,2.3808,2.3745,1.8991,1.3297,2.0161,7644306.4176
2559,2011-09-14,16.467,10.8344,2.3928,2.3865,1.9087,1.323,2.006,7682836.1879
2560,2011-09-13,16.434,10.8127,2.388,2.3817,1.9048,1.3257,2.0101,7667424.2798
2561,2011-09-09,16.5992,10.9214,2.412,2.4057,1.924,1.3125,1.99,7744483.8203
2562,2011-09-08,16.7808,11.0409,2.4384,2.432,1.945,1.2983,1.9685,7829249.3148
2563,2011-09-07,16.9956,11.1822,2.4696,2.4631,1.9699,1.2819,1.9436,7929426.7175
2564,2011-09-06,16.6652,10.9649,2.4216,2.4152,1.9316,1.3073,1.9822,7775307.6365
2565,2011-09-05,16.8469,11.0844,2.448,2.4416,1.9527,1.2932,1.9608,7860073.131
2566,2011-09-02,17.4745,11.4973,2.5392,2.5325,2.0255,1.2468,1.8904,8152899.3849
2567,2011-09-01,17.5571,11.5517,2.5512,2.5445,2.035,1.2409,1.8815,8191429.1552
2568,2011-08-31,17.6727,11.6277,2.568,2.5613,2.0484,1.2328,1.8692,8245370.8335
2569,2011-08-30,17.5241,13.7306,2.6317,2.5397,2.208,1.2432,1.885,8176017.2471
2570,2011-08-29,17.4415,13.6659,2.6193,2.5277,2.1976,1.2491,1.8939,8137487.4768
2571,2011-08-26,17.8379,13.9765,2.6788,2.5852,2.2475,1.2214,2.3462,8322430.374
2572,2011-08-25,18.0361,14.1318,2.7086,2.6139,2.2725,1.2079,2.3204,8414901.8226
2573,2011-08-24,17.491,13.7047,2.6267,2.5349,2.2038,1.2456,2.3927,8160605.339
2574,2011-08-23,17.5736,13.7694,2.6391,2.5469,2.2142,1.2397,2.3815,8199135.1092
2575,2011-08-22,17.3259,13.5753,2.6019,2.511,2.183,1.2575,2.4156,8083545.7985
2576,2011-08-19,17.6727,13.8471,2.654,2.5613,2.2267,1.2328,2.3681,8245370.8335
2577,2011-08-18,18.0031,14.1059,2.7036,2.6091,2.2683,1.2102,2.3247,8399489.9145
2578,2011-08-17,18.3664,14.3906,2.7582,2.6618,2.3141,1.1862,2.2787,8569020.9036
2579,2011-08-16,18.449,14.4553,2.7706,2.6738,2.3245,1.1809,2.2685,8607550.6739
2580,2011-08-15,18.6968,14.6494,2.8078,2.7097,2.3557,1.1653,2.2384,8723139.9846
2581,2011-08-12,18.0361,14.1318,2.7086,2.6139,2.2725,1.2079,2.3204,8414901.8226
2582,2011-08-11,17.7388,13.8988,2.6639,2.5708,2.235,1.2282,2.3593,8276194.6497
2583,2011-08-10,17.7388,13.8988,2.6639,2.5708,2.235,1.2282,2.3593,8276194.6497
2584,2011-08-09,17.6397,13.8212,2.6491,2.5565,2.2226,1.2351,2.3726,8229958.9254
2585,2011-08-08,17.7388,13.8988,2.6639,2.5708,2.235,1.2282,2.3593,8276194.6497
2586,2011-08-05,18.8124,14.74,2.8252,2.7264,2.3703,1.1581,2.2247,8777081.663
2587,2011-08-04,19.1427,14.9988,2.8748,2.7743,2.4119,1.1381,2.1863,8931200.744
2588,2011-08-03,19.0271,14.9082,2.8574,2.7575,2.3974,1.145,2.1996,8877259.0656
2589,2011-08-02,19.1262,14.9859,2.8723,2.7719,2.4098,1.1391,2.1882,8923494.7899
2590,2011-08-01,19.2088,15.0506,2.8847,2.7839,2.4203,1.1342,2.1788,8962024.5602
2591,2011-07-29,19.0766,14.9471,2.8648,2.7647,2.4036,1.1421,2.1939,8900376.9278
2592,2011-07-28,18.9775,14.8694,2.85,2.7504,2.3911,1.148,2.2053,8854141.2035
2593,2011-07-27,19.4565,15.2447,2.9219,2.8198,2.4515,1.1198,2.151,9077613.8709
2594,2011-07-26,19.3244,15.1412,2.9021,2.8006,2.4348,1.1274,2.1657,9015966.2385
2595,2011-07-25,19.3409,15.1541,2.9045,2.803,2.4369,1.1265,2.1639,9023672.1926
2596,2011-07-22,19.952,15.633,2.9963,2.8916,2.5139,1.092,2.0976,9308792.4924
2597,2011-07-21,19.9851,15.6588,3.0013,2.8964,2.5181,1.0901,2.0941,9324204.4005
2598,2011-07-20,20.2823,15.8918,3.0459,2.9395,2.5555,1.0742,2.0634,9462911.5734
2599,2011-07-19,20.1998,15.8271,3.0335,2.9275,2.5451,1.0786,2.0719,9424381.8032
2600,2011-07-18,20.3649,15.9565,3.0583,2.9514,2.5659,1.0698,2.0551,9501441.3437
2601,2011-07-15,20.2493,15.8659,3.041,2.9347,2.5514,1.0759,2.0668,9447499.6653
2602,2011-07-14,20.633,16.1665,3.0986,2.9903,2.5997,1.0559,0.4274,9626514.9063
2603,2011-07-13,20.6076,16.1466,3.0948,2.9866,2.5965,1.0572,0.4279,9614659.5924
2604,2011-07-12,20.4424,16.0172,3.07,2.9627,2.5757,1.0658,0.4314,9537600.0519
2605,2011-07-11,20.506,16.067,3.0795,2.9719,2.5837,1.0625,0.43,9567238.3367
2606,2011-07-08,19.7564,15.4796,2.9669,2.8632,2.4892,1.1028,0.4464,9217506.5759
2607,2011-07-07,19.4387,15.2308,2.9192,2.8172,2.4492,1.1208,0.4537,9069315.1519
2608,2011-07-06,19.7945,15.5095,2.9727,2.8688,2.494,1.1006,0.4455,9235289.5468
2609,2011-07-05,20.0105,15.6787,3.0051,2.9001,2.5213,1.0888,0.4407,9336059.7152
2610,2011-07-04,20.1756,15.8082,3.0299,2.924,2.5421,1.0798,0.4371,9413119.2557
2611,2011-07-01,19.6674,15.41,2.9536,2.8503,2.478,1.1078,0.4484,9176012.9772
2612,2011-06-30,19.5404,15.3104,2.9345,2.8319,2.462,1.115,0.4513,9116736.4076
2613,2011-06-29,19.3498,15.1611,2.9059,2.8043,2.438,1.1259,0.4557,9027821.5531
2614,2011-06-28,19.7818,15.4996,2.9707,2.8669,2.4924,1.1013,0.4458,9229361.8898
2615,2011-06-27,19.4133,15.2109,2.9154,2.8135,2.446,1.1223,0.4542,9057459.8379
2616,2011-06-24,19.4896,15.2706,2.9269,2.8246,2.4556,1.1179,0.4525,9093025.7797
2617,2011-06-23,19.3752,15.181,2.9097,2.808,2.4412,1.1245,0.4551,9039676.8671
2618,2011-06-22,18.7527,14.6932,2.8162,2.7178,2.3628,1.1618,0.4702,8749221.6759
2619,2011-06-21,18.5875,14.5638,2.7914,2.6938,2.342,1.1721,0.4744,8672162.1354
2620,2011-06-20,18.0412,14.1358,2.7093,2.6147,2.2731,1.2076,0.4888,8417272.886
2621,2011-06-17,18.3715,14.3946,2.759,2.6625,2.3148,1.1859,1.1859,8571391.9671
2622,2011-06-16,18.219,14.2751,2.7361,2.6404,2.2955,1.1958,1.1958,8500260.0835
2623,2011-06-15,18.2953,14.3349,2.7475,2.6515,2.3052,1.1908,1.1908,8535826.0253
2624,2011-06-14,18.3842,14.4045,2.7609,2.6644,2.3164,1.1851,1.1851,8577319.624
2625,2011-06-13,17.9395,14.0561,2.6941,2.5999,2.2603,1.2144,1.2144,8369851.6303
2626,2011-06-10,17.8252,13.9665,2.6769,2.5834,2.2459,1.2222,1.2222,8316502.7177
2627,2011-06-09,17.5457,13.7475,2.6349,2.5428,2.2107,1.2417,1.2417,8186094.2645
2628,2011-06-08,18.0412,14.1358,2.7093,2.6147,2.2731,1.2076,1.2076,8417272.886
2629,2011-06-07,17.9777,14.086,2.6998,2.6054,2.2651,1.2119,1.2119,8387634.6012
2630,2011-06-02,17.7108,13.8769,2.6597,2.5668,2.2315,1.2301,1.2301,8263153.805
2631,2011-06-01,18.0666,14.1557,2.7132,2.6183,2.2763,1.2059,1.2059,8429128.2
2632,2011-05-31,18.1682,14.2353,2.7284,2.6331,2.2891,1.1992,1.1992,8476549.4557
2633,2011-05-30,17.1518,13.4389,2.5758,2.4858,2.1611,1.2702,1.2702,8002336.8987
2634,2011-05-27,17.2789,13.5385,2.5949,2.5042,2.1771,1.2609,1.2609,8061613.4683
2635,2011-05-26,17.3297,13.5783,2.6025,2.5115,2.1835,1.2572,1.2572,8085324.0962
2636,2011-05-25,17.2916,13.5484,2.5968,2.506,2.1787,1.26,1.26,8067541.1253
2637,2011-05-24,17.3551,13.5982,2.6063,2.5152,2.1867,1.2553,1.2553,8097179.4101
2638,2011-05-23,17.4186,13.648,2.6159,2.5244,2.1947,1.2508,1.2508,8126817.6949
2639,2011-05-20,18.1047,14.1855,2.7189,2.6239,2.2811,1.2034,1.2034,8446911.1709
2640,2011-05-19,18.3715,14.3946,2.759,2.6625,2.3148,1.1859,1.1859,8571391.9671
2641,2011-05-18,18.5621,14.5439,2.7876,2.6901,2.3388,1.1737,1.1737,8660306.8215
2642,2011-05-17,18.4859,14.4842,2.7761,2.6791,2.3292,1.1786,1.1786,8624740.8797
2643,2011-05-16,17.9649,14.076,2.6979,2.6036,2.2635,1.2127,1.2127,8381706.9443
2644,2011-05-13,18.4096,14.4244,2.7647,2.6681,2.3196,1.1834,1.1834,8589174.9379
2645,2011-05-12,18.092,14.1756,2.717,2.622,2.2795,1.2042,1.2042,8440983.5139
2646,2011-05-11,18.7018,14.6534,2.8086,2.7104,2.3564,1.1649,1.1649,8725511.0481
2647,2011-05-10,18.6637,14.6235,2.8028,2.7049,2.3516,1.1673,1.1673,8707728.0772
2648,2011-05-09,18.6256,14.5937,2.7971,2.6994,2.3468,1.1697,1.1697,8689945.1063
2649,2011-05-06,18.3334,14.3647,2.7532,2.657,2.31,1.1884,1.1884,8553608.9962
2650,2011-05-05,18.5748,14.5539,2.7895,2.692,2.3404,1.1729,1.1729,8666234.4784
2651,2011-05-04,19.1592,15.0118,2.8773,2.7767,2.414,1.1371,1.1371,8938906.6987
2652,2011-05-03,19.7182,15.4498,2.9612,2.8577,2.4844,1.1049,1.1049,9199723.605
2653,2011-04-29,19.426,19.426,3.1164,2.8154,2.8154,1.1215,1.1215,9063387.4949
2654,2011-04-28,18.8543,18.8543,3.0247,2.7325,2.7325,1.1555,1.1555,8796642.9316
2655,2011-04-27,19.6293,19.6293,3.149,2.8448,2.8448,1.1099,1.1099,9158230.0063
2656,2011-04-26,19.4641,19.4641,3.1226,2.8209,2.8209,1.1193,1.1193,9081170.4658
2657,2011-04-25,19.9851,19.9851,3.2061,2.8964,2.8964,1.0901,1.0901,9324204.4012
2658,2011-04-22,20.8617,20.8617,3.3468,3.0234,3.0234,1.0443,1.0443,9733212.7316
2659,2011-04-21,20.9379,20.9379,3.359,3.0345,3.0345,1.0405,1.0405,9768778.6734
2660,2011-04-20,20.506,20.506,3.2897,2.9719,2.9719,1.0625,1.0625,9567238.3367
2661,2011-04-19,20.633,20.633,3.3101,2.9903,2.9903,1.0559,1.0559,9626514.9063
2662,2011-04-18,20.7855,20.7855,3.3345,3.0124,3.0124,1.0482,1.0482,9697646.7898
2663,2011-04-15,20.9252,20.9252,3.3569,3.0326,3.0326,1.0412,1.0412,9762851.0164
2664,2011-04-14,21.2429,21.2429,3.4079,3.0787,3.0787,1.0256,1.0256,9911042.4405
2665,2011-04-13,21.4715,21.4715,3.4446,3.1118,3.1118,1.0147,1.0147,10017740.2658
2666,2011-04-12,21.3445,21.3445,3.4242,3.0934,3.0934,1.0207,1.0207,9958463.6962
2667,2011-04-11,21.5351,21.5351,3.4548,3.121,3.121,1.0117,1.0117,10047378.5506
2668,2011-04-08,21.5732,21.5732,3.4609,3.1265,3.1265,1.0099,1.0099,10065161.5215
2669,2011-04-07,21.624,21.624,3.469,3.1339,3.1339,1.0075,1.0075,10088872.1493
2670,2011-04-06,20.6838,20.6838,3.3182,2.9976,2.9976,1.0533,1.0533,9650225.5341
2671,2011-04-01,20.0486,20.0486,3.2163,2.9056,2.9056,1.0867,1.0867,9353842.686
2672,2011-03-31,19.642,19.642,3.1511,2.8467,2.8467,1.1092,1.1092,9164157.6633
2673,2011-03-30,19.8326,19.8326,3.1817,2.8743,2.8743,1.0985,1.0985,9253072.5177
2674,2011-03-29,19.6293,19.6293,3.149,2.8448,2.8448,1.1099,1.1099,9158230.0063
2675,2011-03-28,38.2108,24.0134,3.2143,4.5024,3.1322,1.0874,1.0874,9347915.0291
2676,2011-03-25,37.3143,23.45,3.1389,4.3967,3.0587,1.1135,1.1135,9128591.7215
2677,2011-03-24,36.9266,23.2063,3.1062,4.3511,3.0269,1.1252,1.1252,9033749.2101
2678,2011-03-23,37.3143,23.45,3.1389,4.3967,3.0587,1.1135,1.1135,9128591.7215
2679,2011-03-22,36.442,22.9018,3.0655,4.294,2.9872,1.1402,1.1402,8915196.0708
2680,2011-03-21,36.6116,23.0084,3.0797,4.3139,3.0011,1.1349,1.1349,8956689.6696
2681,2011-03-18,36.5632,22.9779,3.0757,4.3082,2.9971,1.1364,1.1364,8944834.3557
2682,2011-03-17,35.4728,22.2927,2.984,4.1798,2.9078,1.1713,1.1713,8678089.7924
2683,2011-03-16,36.3451,22.8409,3.0573,4.2825,2.9793,1.1432,1.1432,8891485.443
2684,2011-03-15,36.1755,22.7343,3.0431,4.2626,2.9654,1.1486,1.1486,8849991.8443
2685,2011-03-14,37.5324,23.587,3.1572,4.4224,3.0766,1.107,1.107,9181940.6341
2686,2011-03-11,37.2659,23.4195,3.1348,4.391,3.0547,1.115,1.115,9116736.4076
2687,2011-03-10,37.702,23.6936,3.1715,4.4424,3.0905,1.1021,1.1021,9223434.2329
2688,2011-03-09,38.2593,24.0438,3.2183,4.5081,3.1362,1.086,1.086,9359770.343
2689,2011-03-08,37.5809,23.6175,3.1613,4.4281,3.0806,1.1056,1.1056,9193795.9481
2690,2011-03-07,37.1689,23.3586,3.1266,4.3796,3.0468,1.1179,1.1179,9093025.7797
2691,2011-03-04,36.3451,22.8409,3.0573,4.2825,2.9793,1.1432,1.1432,8891485.443
2692,2011-03-03,35.9332,22.582,3.0227,4.234,2.9455,1.1563,1.1563,8790715.2746
2693,2011-03-02,36.8055,23.1302,3.0961,4.3368,3.017,1.1289,1.1289,9004110.9253
2694,2011-03-01,36.3693,22.8561,3.0594,4.2854,2.9812,1.1424,1.1424,8897413.1
2695,2011-02-28,36.8297,23.1454,3.0981,4.3396,3.019,1.1282,1.1282,9010038.5822
2696,2011-02-25,35.1821,22.11,2.9595,4.1455,2.8839,1.181,1.181,8606957.9088
2697,2011-02-24,34.7459,21.8359,2.9228,4.0941,2.8482,1.1958,1.1958,8500260.0835
2698,2011-02-23,34.8429,21.8968,2.931,4.1055,2.8561,1.1925,1.1925,8523970.7114
2699,2011-02-22,35.1336,22.0795,2.9554,4.1398,2.8799,1.1826,1.1826,8595102.5949
2700,2011-02-21,36.1997,22.7495,3.0451,4.2654,2.9673,1.1478,1.1478,8855919.5012
2701,2011-02-18,35.3032,22.1861,2.9697,4.1598,2.8939,1.1769,1.1769,8636596.1936
2702,2011-02-17,36.3936,22.8713,3.0614,4.2883,2.9832,1.1417,1.1417,8903340.7569
2703,2011-02-16,36.4663,22.917,3.0675,4.2968,2.9892,1.1394,1.1394,8921123.7278
2704,2011-02-15,34.1644,21.4704,2.8739,4.0256,2.8005,1.2162,1.2162,8357996.3164
2705,2011-02-14,34.4794,21.6684,2.9004,4.0627,2.8263,1.2051,1.2051,8435055.8569
2706,2011-02-11,33.2921,20.9222,2.8005,3.9228,2.729,1.248,1.248,8144600.6658
2707,2011-02-10,32.8075,20.6177,2.7597,3.8657,2.6893,1.2665,1.2665,8026047.5265
2708,2011-02-09,32.3229,20.3131,2.719,3.8086,2.6496,1.2855,1.2855,7907494.3873
2709,2011-02-01,33.0256,20.7547,2.7781,3.8914,2.7072,1.2581,1.2581,8079396.4392
2710,2011-01-31,33.704,21.1811,2.8352,3.9713,2.7628,1.2328,1.2328,8245370.8341
2711,2011-01-28,33.5102,21.0593,2.8189,3.9485,2.7469,1.2399,1.2399,8197949.5784
2712,2011-01-27,32.3229,20.3131,2.719,3.8086,2.6496,1.2855,1.2855,7907494.3873
2713,2011-01-26,31.596,19.8563,2.6578,3.723,2.59,1.315,1.315,7729664.6784
2714,2011-01-25,30.8934,19.4147,2.5987,3.6402,2.5324,1.3449,1.3449,7557762.6266
2715,2011-01-24,30.9418,19.4452,2.6028,3.6459,2.5363,1.3428,1.3428,7569617.9405
2716,2011-01-21,31.1114,19.5518,2.6171,3.6659,2.5502,1.3355,1.3355,7611111.5392
2717,2011-01-20,30.6026,19.232,2.5743,3.6059,2.5085,1.3577,1.3577,7486630.743
2718,2011-01-19,32.1775,20.2218,2.7068,3.7915,2.6376,1.2913,1.2913,7871928.4455
2719,2011-01-18,30.8449,19.3843,2.5947,3.6345,2.5284,1.3471,1.3471,7545907.3126
2720,2011-01-17,31.0387,19.5061,2.611,3.6573,2.5443,1.3386,1.3386,7593328.5683
2721,2011-01-14,32.8802,20.6634,2.7659,3.8743,2.6952,1.2637,1.2637,8043830.4974
2722,2011-01-13,33.4375,21.0136,2.8127,3.9399,2.7409,1.2426,1.2426,8180166.6076
2723,2011-01-12,32.6069,20.4916,3.029,3.8421,2.6728,1.2429,1.2429,7976974.1173
2724,2011-01-11,32.7254,20.5661,3.04,3.856,2.6825,1.2384,1.2384,8005960.2151
2725,2011-01-10,32.8913,20.6703,3.0554,3.8756,2.6961,1.2321,1.2321,8046540.7521
2726,2011-01-07,33.6022,21.1171,3.1215,3.9593,2.7544,1.2061,1.2061,8220457.3389
2727,2011-01-06,33.9577,21.3405,3.1545,4.0012,2.7836,1.1934,1.1934,8307415.6323
2728,2011-01-05,34.9529,21.966,3.247,4.1185,2.8651,1.1594,1.1594,8550898.854
2729,2011-01-04,33.6496,21.1469,3.1259,3.9649,2.7583,1.2044,1.2044,8232051.778
2730,2010-12-31,33.5074,21.0575,3.1127,3.9482,2.7466,0.2222,1.2095,8197268.4607
2731,2010-12-30,32.678,20.5363,3.0356,3.8504,2.6787,0.2279,1.2402,7994365.776
2732,2010-12-29,32.4174,20.3725,3.0114,3.8197,2.6573,0.2297,1.2501,7930596.3608
2733,2010-12-28,32.2752,20.2831,2.9982,3.803,2.6456,0.2307,1.2556,7895813.0434
2734,2010-12-27,33.6496,21.1469,3.1259,3.9649,2.7583,0.2213,1.2044,8232051.778
2735,2010-12-24,33.5311,21.0724,3.1149,3.951,2.7486,0.2221,1.2086,8203065.6802
2736,2010-12-23,33.46,21.0277,3.1083,3.9426,2.7428,0.2225,1.2112,8185674.0215
2737,2010-12-22,29.0251,18.2407,4.6762,3.42,2.3792,0.2142,1.1659,7100724.574
2738,2010-12-21,29.4079,18.4812,4.7379,3.4651,2.4106,0.2114,1.1507,7194349.6725
2739,2010-12-20,28.9849,18.2154,4.6697,3.4153,2.3759,0.2145,1.1675,7090869.3005
2740,2010-12-17,29.9316,18.8103,4.8223,3.5268,2.4535,0.2077,1.1306,7322468.2283
2741,2010-12-16,30.2538,19.0128,4.8742,3.5648,2.4799,0.2055,1.1185,7401310.4165
2742,2010-12-15,30.4553,19.1394,4.9066,3.5885,2.4965,0.2041,1.1111,7450586.7841
2743,2010-12-14,30.9588,19.4559,4.9878,3.6479,2.5377,0.2008,1.093,7573777.7032
2744,2010-12-13,30.9387,19.4432,4.9845,3.6455,2.5361,0.201,1.0938,7568850.0664
2745,2010-12-10,29.8711,18.7723,4.8125,3.5197,2.4486,0.2081,1.1328,7307685.318
2746,2010-12-09,29.5287,18.5571,4.7574,3.4794,2.4205,0.2106,1.146,7223915.4931
2747,2010-12-08,29.8308,18.747,4.806,3.515,2.4453,0.2084,1.1344,7297830.0445
2748,2010-12-07,28.6223,17.9875,4.6113,3.3726,2.3462,0.2172,1.1823,7002171.8388
2749,2010-12-06,28.5216,17.9242,4.5951,3.3607,2.338,0.218,1.1864,6977533.655
2750,2010-12-03,28.6626,18.0128,4.6178,3.3773,2.3495,0.2169,1.1806,7012027.1123
2751,2010-12-02,28.9043,18.1647,4.6568,3.4058,2.3693,0.2151,1.1707,7071158.7535
2752,2010-12-01,28.6022,17.9749,4.6081,3.3702,2.3446,0.2174,1.1831,6997244.202
2753,2010-11-30,29.1057,18.2913,4.6892,3.4295,2.3858,0.2136,1.1626,7120435.1211
2754,2010-11-29,29.9718,18.8356,4.8288,3.5316,2.4568,0.2074,1.129,7332323.5019
2755,2010-11-26,28.6626,18.0128,4.6178,3.3773,2.3495,0.2169,1.1806,7012027.1123
2756,2010-11-25,29.2064,18.3546,4.7054,3.4414,2.3941,0.2129,1.1586,7145073.3049
2757,2010-11-24,28.723,18.0508,4.6276,3.3844,2.3545,0.2165,1.1781,7026810.0226
2758,2010-11-23,26.1045,16.4052,4.2057,3.0759,2.1398,0.2382,1.2963,6386217.2436
2759,2010-11-22,27.3735,17.2027,4.4101,3.2254,2.2438,0.2271,1.2362,6696658.3596
2760,2010-11-19,26.6483,16.747,4.2933,3.14,2.1844,0.2333,1.2698,6519263.4361
2761,2010-11-18,25.3794,15.9495,4.0889,2.9905,2.0804,0.245,1.3333,6208822.3201
2762,2010-11-17,24.7953,15.5824,3.9948,2.9216,2.0325,0.2507,1.3647,6065920.854
2763,2010-11-16,26.0642,16.3799,4.1992,3.0711,2.1365,0.2385,1.2983,6376361.97
2764,2010-11-15,28.582,17.9622,4.6048,3.3678,2.3429,0.2175,1.1839,6992316.5653
2765,2010-11-12,28.2396,17.747,4.5497,3.3275,2.3148,0.2202,1.1983,6908546.7403
2766,2010-11-11,30.7574,19.3293,4.9553,3.6241,2.5212,0.2021,1.1002,7524501.3356
2767,2010-11-10,30.274,19.0255,4.8774,3.5672,2.4816,0.2054,1.1178,7406238.0533
2768,2010-11-09,30.4955,19.1647,4.9131,3.5933,2.4998,0.2039,1.1096,7460442.0577
2769,2010-11-08,30.5761,19.2154,4.9261,3.6028,2.5064,0.2033,1.1067,7480152.6047
2770,2010-11-05,30.838,19.3799,4.9683,3.6336,2.5278,0.2016,1.0973,7544211.8826
2771,2010-11-04,31.0192,19.4939,4.9975,3.655,2.5427,0.2004,1.0909,7588560.6135
2772,2010-11-03,30.9387,19.4432,4.9845,3.6455,2.5361,0.201,1.0938,7568850.0664
2773,2010-11-02,32.0666,20.1521,5.1663,3.7784,2.6285,0.1939,1.0553,7844797.7251
2774,2010-11-01,31.2005,19.6078,5.0267,3.6764,2.5575,0.1993,1.0846,7632909.3443
2775,2010-10-29,30.3545,21.1392,5.2603,3.5767,2.6921,0.2048,1.1148,7425948.6003
2776,2010-10-28,29.7704,20.7324,5.1591,3.5078,2.6403,0.2088,1.1367,7283047.1342
2777,2010-10-27,30.5157,21.2515,5.2883,3.5957,2.7064,0.2037,1.1089,7465369.6944
2778,2010-10-26,30.4553,21.2094,5.2778,3.5885,2.701,0.2041,1.1111,7450586.7841
2779,2010-10-25,31.6638,22.051,5.4872,3.7309,2.8082,0.1964,1.0687,7746244.9899
2780,2010-10-22,31.6235,22.023,5.4803,3.7262,2.8046,0.1966,1.0701,7736389.7163
2781,2010-10-21,30.5157,21.2515,5.2883,3.5957,2.7064,0.2037,1.1089,7465369.6944
2782,2010-10-20,30.7372,21.4058,5.3267,3.6218,2.726,0.2023,1.1009,7519573.6988
2783,2010-10-19,28.7633,20.0311,4.9846,3.3892,2.551,0.2162,1.1765,7036665.2961
2784,2010-10-18,26.5275,18.474,4.5971,3.1257,2.3527,0.2344,1.2756,6489697.6156
2785,2010-10-15,25.7419,17.927,4.461,3.0332,2.283,0.2415,1.3146,6297519.7818
2786,2010-10-14,24.614,17.1414,4.2655,2.9003,2.183,0.2526,1.3748,6021572.1232
2787,2010-10-13,25.1578,17.5202,4.3598,2.9643,2.2312,0.2471,1.3451,6154618.3157
2788,2010-10-12,25.037,17.436,4.3388,2.9501,2.2205,0.2483,1.3516,6125052.4952
2789,2010-10-11,23.204,16.1595,4.0212,2.7341,2.0579,0.2679,1.4583,5676637.5498
2790,2010-10-08,21.8545,15.2197,3.7873,2.5751,1.9382,0.2845,1.5484,5346485.8868
2791,2010-09-30,21.3912,14.8971,3.707,2.5205,1.8972,0.2906,1.5819,5233150.2412
2792,2010-09-29,21.1696,14.7428,3.6686,2.4944,1.8775,0.2937,1.5985,5178946.2369
2793,2010-09-28,21.4919,14.9672,3.7245,2.5324,1.9061,0.2893,1.5745,5257788.4251
2794,2010-09-27,22.0962,15.388,3.8292,2.6036,1.9597,0.2814,1.5314,5405617.5279
2795,2010-09-21,21.5322,14.9953,3.7315,2.5371,1.9097,0.2887,1.5716,5267643.6986
2796,2010-09-20,20.6661,14.3921,3.5814,2.4351,1.8328,0.3008,1.6374,5055755.3178
2797,2010-09-17,20.7869,14.4762,3.6023,2.4493,1.8436,0.2991,1.6279,5085321.1384
2798,2010-09-16,20.9279,14.5744,3.6267,2.4659,1.8561,0.2971,1.6169,5119814.5957
2799,2010-09-15,21.5322,14.9953,3.7315,2.5371,1.9097,0.2887,1.5716,5267643.6986
2800,2010-09-14,22.0559,15.36,3.8222,2.5988,1.9561,0.2819,1.5342,5395762.2544
2801,2010-09-13,22.3379,15.5563,3.8711,2.6321,1.9811,0.2783,1.5149,5464749.1691
2802,2010-09-10,21.8545,15.2197,3.7873,2.5751,1.9382,0.2845,1.5484,5346485.8868
2803,2010-09-09,22.3379,15.5563,3.8711,2.6321,1.9811,0.2783,1.5149,5464749.1691
2804,2010-09-08,22.9824,16.0052,3.9828,2.708,2.0383,0.2705,1.4724,5622433.5454
2805,2010-09-06,22.7609,15.8509,3.9444,2.6819,2.0186,0.2732,1.4867,5568229.5411
2806,2010-09-03,23.1234,16.1034,4.0072,2.7246,2.0508,0.2689,1.4634,5656927.0028
2807,2010-09-02,23.1839,16.1455,4.0177,2.7318,2.0561,0.2682,1.4596,5671709.9131
2808,2010-09-01,22.7407,15.8369,3.9409,2.6795,2.0168,0.2734,1.488,5563301.9043
2809,2010-08-31,21.9955,15.3179,3.8117,2.5917,1.9507,0.2827,1.5385,5380979.3441
2810,2010-08-30,20.0014,13.9292,3.4662,2.3568,1.7739,0.3108,1.6918,4893143.3047
2811,2010-08-27,19.7395,13.7468,3.4208,2.3259,1.7507,0.315,1.7143,4829084.0268
2812,2010-08-26,20.1343,14.0218,3.4083,2.3724,1.7857,0.3088,1.0004,4925665.7078
2813,2010-08-25,19.3528,13.4775,3.276,2.2803,1.7164,0.3213,1.0408,4734473.4014
2814,2010-08-24,19.812,13.7973,3.3538,2.3345,1.7571,0.3138,1.0167,4846823.5196
2815,2010-08-23,20.0135,13.9376,3.3879,2.3582,1.775,0.3107,1.0064,4896099.8872
2816,2010-08-20,19.6267,17.1099,3.7029,2.3126,2.0746,0.3168,1.0263,4801489.2614
2817,2010-08-19,19.9087,17.3558,3.7561,2.3458,2.1044,0.3123,1.0117,4870476.1761
2818,2010-08-18,19.3608,16.8781,3.6528,2.2813,2.0465,0.3211,1.0404,4736444.4561
2819,2010-08-17,19.5381,17.0327,3.6862,2.3022,2.0653,0.3182,1.0309,4779807.6596
2820,2010-08-16,18.9338,16.5059,3.5722,2.231,2.0014,0.3284,1.0638,4631978.5568
2821,2010-08-13,18.6196,16.2319,3.5129,2.1939,1.9682,0.3339,1.0818,4555107.4233
2822,2010-08-12,18.0556,15.7403,3.4065,2.1275,1.9086,0.3443,1.1156,4417133.5939
2823,2010-08-11,18.0717,15.7543,3.4096,2.1294,1.9103,0.344,1.1146,4421075.7033
2824,2010-08-10,17.967,15.663,3.3898,2.117,1.8992,0.346,1.1211,4395451.9922
2825,2010-08-09,18.7324,16.3303,3.5342,2.2072,1.9801,0.3319,1.0753,4582702.1891
2826,2010-08-06,18.8774,16.4567,3.5616,2.2243,1.9954,0.3294,1.067,4618181.1738
2827,2010-08-05,17.9509,15.649,3.3868,2.1152,1.8975,0.3464,1.1221,4391509.8827
2828,2010-08-04,18.2087,15.8737,3.4354,2.1455,1.9247,0.3414,1.1062,4454583.6333
2829,2010-08-03,17.8542,15.5647,3.3685,2.1038,1.8873,0.3482,1.1282,4367857.2263
2830,2010-08-02,18.4262,16.0634,3.4764,2.1712,1.9477,0.3374,1.0931,4507802.1103
2831,2010-07-30,18.2893,15.944,3.4506,2.155,1.9333,0.3399,1.1013,4474294.1804
2832,2010-07-29,18.7405,16.3373,3.5357,2.2082,1.981,0.3318,1.0748,4584673.2438
2833,2010-07-28,18.5229,16.1477,3.4947,2.1826,1.958,0.3357,1.0874,4531454.7668
2834,2010-07-27,18.3376,15.9861,3.4597,2.1607,1.9384,0.339,1.0984,4486120.5086
2835,2010-07-26,18.1604,15.8316,3.4263,2.1398,1.9196,0.3424,1.1091,4442757.3051
2836,2010-07-23,18.2651,15.9229,3.446,2.1522,1.9307,0.3404,1.1028,4468381.0162
2837,2010-07-21,18.0073,15.6981,3.3974,2.1218,1.9034,0.3453,1.1186,4405307.2657
2838,2010-07-20,17.7656,15.4874,3.3518,2.0933,1.8779,0.35,1.1338,4346175.6245
2839,2010-07-19,17.685,15.4172,3.3366,2.0838,1.8694,0.3516,1.139,4326465.0775
2840,2010-07-16,16.4442,14.3355,3.1025,1.9376,1.7382,0.3781,1.2249,4022922.6529
2841,2010-07-15,16.0092,13.9562,3.0204,1.8864,1.6922,0.3884,1.2582,3916485.6988
2842,2010-07-14,16.0817,14.0195,3.0341,1.8949,1.6999,0.3866,1.2525,3934225.1912
2843,2010-07-13,16.3153,14.2231,3.0782,1.9224,1.7246,0.3811,1.2346,3991385.7776
2844,2010-07-12,16.3073,14.2161,3.0767,1.9215,1.7238,0.3813,1.2352,3989414.7229
2845,2010-07-09,15.9205,13.879,3.0037,1.8759,1.6829,0.3905,1.6557,3894804.0971
2846,2010-07-08,15.1229,13.1836,2.8532,1.7819,1.5986,0.4111,1.743,3699669.6813
2847,2010-07-07,15.1793,13.2328,2.8638,1.7886,1.6045,0.4096,1.7366,3713467.0642
2848,2010-07-06,13.8015,12.0317,2.6039,1.6262,1.4589,0.4505,1.9099,3376416.7097
2849,2010-07-05,13.4068,11.6876,2.5294,1.5797,1.4172,0.4637,1.9661,3279835.0291
2850,2010-07-02,13.0764,11.3996,2.4671,1.5408,1.3822,0.4755,2.0158,3199021.7862
2851,2010-07-01,12.8508,11.2029,2.4245,1.5142,1.3584,0.4838,2.0512,3143832.2545
2852,2010-06-30,13.0925,11.4136,2.4701,1.5427,1.3839,0.4749,2.0133,3202963.8956
2853,2010-06-29,13.3584,11.6454,2.5203,1.574,1.412,0.4654,1.9733,3268008.7009
2854,2010-06-28,14.0191,12.2214,2.645,1.6519,1.4819,0.4435,1.8803,3429635.1867
2855,2010-06-25,14.3575,12.5164,2.7088,1.6917,1.5176,0.433,1.836,3512419.4843
2856,2010-06-24,14.6636,12.7833,2.7666,1.7278,1.55,0.424,1.7976,3587319.5631
2857,2010-06-23,14.5508,12.6849,2.7453,1.7145,1.5381,0.4273,1.8116,3559724.7972
2858,2010-06-22,14.8973,12.987,2.8106,1.7553,1.5747,0.4173,1.7694,3644480.1495
2859,2010-06-21,14.8328,12.9308,2.7985,1.7478,1.5679,0.4192,1.7771,3628711.7119
2860,2010-06-18,14.2125,12.3899,2.6814,1.6747,1.5023,0.4375,1.8547,3476940.4996
2861,2010-06-17,14.9537,13.0361,2.718,1.762,1.5807,0.4158,0.4158,3658277.5325
2862,2010-06-11,14.8409,12.9378,2.6975,1.7487,1.5687,0.4189,0.4189,3630682.7666
2863,2010-06-10,14.9295,13.0151,2.7136,1.7591,1.5781,0.4164,0.4164,3652364.3684
2864,2010-06-09,15.139,13.1977,2.7517,1.7838,1.6003,0.4107,0.4107,3703611.7907
2865,2010-06-08,14.5589,12.692,2.6462,1.7155,1.5389,0.427,0.427,3561695.8519
2866,2010-06-07,14.3011,12.4672,2.5994,1.6851,1.5117,0.4347,0.4347,3498622.1014
2867,2010-06-04,14.5025,12.6428,2.636,1.7088,1.533,0.4287,0.4287,3547898.469
2868,2010-06-03,14.5025,12.6428,2.636,1.7088,1.533,0.4287,0.4287,3547898.469
2869,2010-06-02,14.8167,12.9167,2.6931,1.7459,1.5662,0.4196,0.4196,3624769.6025
2870,2010-06-01,14.4783,12.6217,2.6316,1.706,1.5304,0.4294,0.4294,3541985.3049
2871,2010-05-31,14.6395,12.7622,2.6609,1.725,1.5475,0.4247,0.4247,3581406.399
2872,2010-05-28,15.421,13.4435,2.8029,1.8171,1.6301,0.4032,0.4032,3772598.7054
2873,2010-05-27,15.7272,13.7104,2.8586,1.8531,1.6624,0.3953,0.3953,3847498.7842
2874,2010-05-26,15.4371,13.4576,2.8059,1.819,1.6318,0.4027,0.4027,3776540.8148
2875,2010-05-24,16.2347,14.1529,2.9508,1.9129,1.7161,0.383,0.383,3971675.2306
2876,2010-05-21,15.9608,13.9141,2.9011,1.8807,1.6871,0.3895,0.3895,3904659.3706
2877,2010-05-20,15.3001,13.3382,2.781,1.8028,1.6173,0.4064,0.4064,3743032.8848
2878,2010-05-19,14.6717,12.7903,2.6667,1.7288,1.5509,0.4238,0.4238,3589290.6178
2879,2010-05-18,14.4783,12.6217,2.6316,1.706,1.5304,0.4294,0.4294,3541985.3049
2880,2010-05-17,13.721,11.9615,2.4939,1.6167,1.4504,0.4531,0.4531,3356706.1626
2881,2010-05-14,14.712,12.8254,2.6741,1.7335,1.5551,0.4226,0.4226,3599145.8913
2882,2010-05-13,14.9617,13.0432,2.7195,1.7629,1.5815,0.4155,0.4155,3660248.5872
2883,2010-05-12,14.3011,12.4672,2.5994,1.6851,1.5117,0.4347,0.4347,3498622.1014
2884,2010-05-11,14.0594,12.2565,2.5554,1.6566,1.4861,0.4422,0.4422,3439490.4602
2885,2010-05-10,14.4542,12.6007,2.6272,1.7031,1.5279,0.4301,0.4301,3536072.1408
2886,2010-05-07,14.0594,12.2565,2.5554,1.6566,1.4861,0.4422,0.4422,3439490.4602
2887,2010-05-06,14.3414,12.5023,2.6067,1.6898,1.5159,0.4335,0.4335,3508477.3749
2888,2010-05-05,15.5902,13.591,2.8337,1.837,1.648,0.3988,0.3988,3813990.8542
2889,2010-05-04,15.6305,13.6261,2.841,1.8417,1.6522,0.3978,0.3978,3823846.1277
2890,2010-04-30,16.2186,14.1389,2.9479,1.911,1.7144,0.3833,0.3833,3967733.1212
2891,2010-04-29,25.2321,21.5439,3.3038,2.9532,2.1669,0.3801,0.3801,4001241.0512
2892,2010-04-28,25.1202,21.4484,3.2892,2.9401,2.1573,0.3818,0.3818,3983501.5588
2893,2010-04-27,24.8841,21.2468,3.2582,2.9125,2.137,0.3854,0.3854,3946051.5194
2894,2010-04-26,26.3135,22.4673,3.4454,3.0798,2.2597,0.3645,0.3645,4172722.8105
2895,2010-04-23,26.3632,22.5097,3.4519,3.0856,2.264,0.3638,0.3638,4180607.0293
2896,2010-04-22,26.6615,22.7644,3.491,3.1205,2.2896,0.3598,0.3598,4227912.3422
2897,2010-04-21,27.0717,23.1146,3.5447,3.1685,2.3249,0.3543,0.3543,4292957.1475
2898,2010-04-20,26.5745,22.6901,3.4796,3.1103,2.2822,0.3609,0.3609,4214114.9593
2899,2010-04-19,26.9722,23.0297,3.5317,3.1569,2.3163,0.3556,0.3556,4277188.7099
2900,2010-04-16,29.2842,25.0037,3.8344,3.4275,2.5149,0.3275,0.3275,4643804.885
2901,2010-04-15,29.8062,25.4494,3.9027,3.4886,2.5597,0.3218,0.3218,4726589.1826
2902,2010-04-14,29.8932,25.5237,3.9141,3.4988,2.5672,0.3209,0.3209,4740386.5655
2903,2010-04-13,29.8311,25.4707,3.906,3.4915,2.5618,0.3215,0.3215,4730531.292
2904,2010-04-12,29.396,25.0992,3.849,3.4406,2.5245,0.3263,0.3263,4661544.3773
2905,2010-04-09,30.2039,25.789,3.9548,3.5351,2.5938,0.3176,0.3176,4789662.9332
2906,2010-04-08,29.8062,25.4494,3.9027,3.4886,2.5597,0.3218,0.3218,4726589.1826
2907,2010-04-07,30.9497,26.4258,4.0525,3.6224,2.6579,0.3099,0.3099,4907926.2155
2908,2010-04-06,31.5712,26.9565,4.1338,3.6951,2.7113,0.3038,0.3038,5006478.9507
2909,2010-04-02,31.1983,26.6381,4.085,3.6515,2.6792,0.3074,0.3074,4947347.3096
2910,2010-04-01,29.7068,25.3645,3.8897,3.4769,2.5511,0.3229,0.3229,4710820.745
2911,2010-03-31,29.396,25.0992,3.849,3.4406,2.5245,0.3263,0.3263,4661544.3773
2912,2010-03-30,29.4333,25.1311,3.8539,3.4449,2.5277,0.3259,0.3259,4667457.5414
2913,2010-03-29,29.2842,25.0037,3.8344,3.4275,2.5149,0.3275,0.3275,4643804.885
2914,2010-03-26,28.4514,24.2926,3.7253,3.33,2.4433,0.3371,0.3371,4511744.2197
2915,2010-03-25,27.8299,23.762,3.644,3.2573,2.39,0.3446,0.3446,4413191.4845
2916,2010-03-24,28.4017,24.2502,3.7188,3.3242,2.4391,0.3377,0.3377,4503860.0009
2917,2010-03-23,28.3768,24.229,3.7156,3.3213,2.4369,0.338,0.338,4499917.8915
2918,2010-03-22,28.5259,24.3563,3.7351,3.3387,2.4497,0.3362,0.3362,4523570.548
2919,2010-03-19,28.0288,23.9318,3.67,3.2805,2.407,0.3422,0.3422,4444728.3598
2920,2010-03-18,27.805,23.7408,3.6407,3.2544,2.3878,0.345,0.345,4409249.3751
2921,2010-03-17,28.0288,23.9318,3.67,3.2805,2.407,0.3422,0.3422,4444728.3598
2922,2010-03-16,27.4446,23.433,3.5935,3.2122,2.3569,0.3495,0.3495,4352088.7886
2923,2010-03-15,27.283,23.295,3.5723,3.1932,2.343,0.3516,0.3516,4326465.0775
2924,2010-03-12,28.0661,23.9637,3.6749,3.2849,2.4102,0.3417,0.3417,4450641.5239
2925,2010-03-11,28.7124,24.5155,3.7595,3.3605,2.4658,0.3341,0.3341,4553136.3686
2926,2010-03-10,28.8243,24.611,3.7741,3.3736,2.4754,0.3328,0.3328,4570875.8609
2927,2010-03-09,28.9734,24.7384,3.7937,3.3911,2.4882,0.331,0.331,4594528.5174
2928,2010-03-08,28.9486,24.7172,3.7904,3.3882,2.486,0.3313,0.3313,4590586.4079
2929,2010-03-05,28.3768,24.229,3.7156,3.3213,2.4369,0.338,0.338,4499917.8915
2930,2010-03-04,28.613,24.4306,3.7465,3.3489,2.4572,0.3352,0.3352,4537367.9309
2931,2010-03-03,29.3712,25.078,3.8458,3.4377,2.5223,0.3266,0.3266,4657602.2679
2932,2010-03-02,29.1599,24.8976,3.8181,3.4129,2.5042,0.3289,0.3289,4624094.3379
2933,2010-03-01,29.396,25.0992,3.849,3.4406,2.5245,0.3263,0.3263,4661544.3773
2934,2010-02-26,28.9858,24.749,3.7953,3.3926,2.4892,0.3309,0.3309,4596499.5721
2935,2010-02-25,29.4209,25.1204,3.8523,3.4435,2.5266,0.326,0.326,4665486.4867
2936,2010-02-24,28.5508,24.3776,3.7383,3.3416,2.4519,0.3359,0.3359,4527512.6574
2937,2010-02-23,28.0288,23.9318,3.67,3.2805,2.407,0.3422,0.3422,4444728.3598
2938,2010-02-22,28.5384,24.3669,3.7367,3.3402,2.4508,0.3361,0.3361,4525541.6027
2939,2010-02-12,29.0231,24.7808,3.8002,3.3969,2.4924,0.3305,0.3305,4602412.7362
2940,2010-02-11,24.0872,20.5664,5.7598,2.8192,2.0686,0.338,0.338,3819687.3
2941,2010-02-10,23.8973,20.4042,5.7144,2.797,2.0522,0.4014,0.4014,3789571.5
2942,2010-02-09,23.6863,20.2241,5.664,2.7723,2.0341,0.4049,0.4049,3756109.5
2943,2010-02-08,23.4858,20.0529,5.616,2.7488,2.0169,0.4084,0.4084,3724320.6
2944,2010-02-05,23.106,19.7286,5.5252,2.7044,1.9843,0.4151,0.4151,3664089.0
2945,2010-02-04,24.0556,20.5394,5.7523,2.8155,2.0658,0.3987,0.3987,3814668.0
2946,2010-02-03,24.3826,20.8186,5.8305,2.8538,2.0939,0.3934,0.3934,3866534.1
2947,2010-02-02,23.2748,19.8727,5.5656,2.7241,1.9988,0.4121,0.4121,3690858.6
2948,2010-02-01,22.5363,19.2421,5.389,2.6377,1.9354,0.4256,0.4256,3573741.6
2949,2010-01-29,23.2854,19.8818,5.5681,2.7254,1.9997,0.4119,0.4119,3692531.7
2950,2010-01-28,23.1376,19.7556,5.5328,2.7081,1.987,0.4145,0.4145,3669108.3
2951,2010-01-27,22.9477,19.5935,5.4874,2.6858,1.9707,0.418,0.418,3638992.5
2952,2010-01-26,23.2115,19.8187,5.5504,2.7167,1.9934,0.4132,0.4132,3680820.0
2953,2010-01-25,24.1611,20.6295,5.7775,2.8279,2.0749,0.397,0.397,3831399.0
2954,2010-01-22,24.1294,20.6024,5.7699,2.8241,2.0722,0.3975,0.3975,3826379.7
2955,2010-01-21,25.195,21.5123,6.0247,2.9489,2.1637,0.3807,0.3807,3995362.8
2956,2010-01-20,25.6171,21.8726,6.1257,2.9983,2.1999,0.3744,0.3744,4062286.8
2957,2010-01-19,26.6194,22.7284,6.3653,3.1156,2.286,0.3603,0.3603,4221231.3
2958,2010-01-18,26.9992,23.0527,6.4562,3.16,2.3186,0.3553,0.3553,4281462.9
2959,2010-01-15,26.4717,22.6023,6.33,3.0983,2.2733,0.3623,0.3623,4197807.9
2960,2010-01-14,25.7964,22.0258,6.1686,3.0193,2.2153,0.3718,0.3718,4090729.5
2961,2010-01-13,25.6276,21.8816,6.1282,2.9995,2.2008,0.3743,0.3743,4063959.9
2962,2010-01-12,26.3451,22.4942,6.2997,3.0835,2.2625,0.3641,0.3641,4177730.7
2963,2010-01-11,25.7964,22.0258,6.1686,3.0193,2.2153,0.3718,0.3718,4090729.5
2964,2010-01-08,26.3134,22.4672,6.2922,3.0798,2.2597,0.3645,0.3645,4172711.4
2965,2010-01-07,26.7987,22.8816,6.4082,3.1366,2.3014,0.3579,0.3579,4249674.0
2966,2010-01-06,27.5689,23.5392,6.5924,3.2267,2.3676,0.3479,0.3479,4371810.3
2967,2010-01-05,26.5139,22.6384,6.3401,3.1032,2.277,0.3618,0.3618,4204500.3
2968,2010-01-04,26.9781,23.0347,6.4511,3.1576,2.3168,0.3555,0.3555,4278116.7
2969,2009-12-31,27.4423,23.4311,6.5621,3.2119,2.3567,0.1748,0.3495,4351733.1
2970,2009-12-29,27.4529,23.4401,6.5647,3.2131,2.3576,0.1747,0.3494,4353406.2
2971,2009-12-28,27.168,23.1969,6.4965,3.1798,2.3331,0.1765,0.353,4308232.5
2972,2009-12-25,27.1891,23.2149,6.5016,3.1823,2.3349,0.1764,0.3528,4311578.7
2973,2009-12-24,26.7882,22.8726,6.4057,3.1353,2.3005,0.179,0.3581,4248000.9
2974,2009-12-23,25.5221,21.7916,6.103,2.9872,2.1918,0.1879,0.3758,4047228.9
2975,2009-12-22,25.2372,21.5483,6.0348,2.9538,2.1673,0.19,0.3801,4002055.2
2976,2009-12-21,26.1762,22.3501,6.2594,3.0637,2.248,0.1832,0.3664,4150961.1
2977,2009-12-18,25.5854,21.8456,6.1181,2.9946,2.1972,0.1874,0.3749,4057267.5
2978,2009-12-17,26.4822,22.6113,6.3325,3.0995,2.2742,0.1811,0.3622,4199481.0
2979,2009-12-16,26.9253,22.9897,6.4385,3.1514,2.3123,0.1781,0.3562,4269751.2
2980,2009-12-15,27.3368,23.341,6.5369,3.1996,2.3476,0.1754,0.3509,4335002.1
2981,2009-12-14,26.9359,22.9987,6.441,3.1526,2.3132,0.178,0.3561,4271424.3
2982,2009-12-11,27.1575,23.1879,6.494,3.1786,2.3322,0.1766,0.3532,4306559.4
2983,2009-12-10,27.0836,23.1248,6.4764,3.1699,2.3259,0.1771,0.3541,4294847.7
2984,2009-12-09,27.1258,23.1608,6.4864,3.1749,2.3295,0.1768,0.3536,4301540.1
2985,2009-12-08,28.0648,23.9626,6.711,3.2848,2.4101,0.1709,0.3418,4450446.0
2986,2009-12-07,28.202,24.0797,6.7438,3.3008,2.4219,0.1701,0.3401,4472196.3
2987,2009-12-04,27.6639,23.6203,6.6151,3.2378,2.3757,0.1734,0.3467,4386868.2
2988,2009-12-03,28.0226,23.9266,6.7009,3.2798,2.4065,0.1711,0.3423,4443753.6
2989,2009-12-02,28.0121,23.9176,6.6984,3.2786,2.4056,0.1712,0.3424,4442080.5
2990,2009-12-01,28.202,24.0797,6.7438,3.3008,2.4219,0.1701,0.3401,4472196.3
2991,2009-11-30,27.5584,23.5302,6.5899,3.2255,2.3667,0.174,0.348,4370137.2
2992,2009-11-27,26.5666,22.6834,6.3527,3.1094,2.2815,0.1805,0.361,4212865.8
2993,2009-11-26,26.8304,22.9086,6.4158,3.1403,2.3041,0.1787,0.3575,4254693.3
2994,2009-11-25,28.6346,24.4491,6.8472,3.3514,2.4591,0.1675,0.335,4540793.4
2995,2009-11-24,28.3075,24.1698,6.769,3.3132,2.431,0.1694,0.3388,4488927.3
2996,2009-11-23,29.6263,25.2959,7.0844,3.4675,2.5442,0.1619,0.3238,4698064.8
2997,2009-11-20,29.5841,25.2598,7.0743,3.4626,2.5406,0.1621,0.3242,4691372.4
2998,2009-11-19,29.7424,25.3949,7.1121,3.4811,2.5542,0.1612,0.3225,4716468.9
2999,2009-11-18,29.5736,25.2508,7.0718,3.4613,2.5397,0.1622,0.3243,4689699.3
3000,2009-11-17,29.9006,25.5301,7.15,3.4996,2.5678,0.1604,0.3208,4741565.4
3001,2009-11-16,30.3649,25.9265,7.261,3.554,2.6077,0.1579,0.3159,4815181.8
3002,2009-11-13,29.9217,25.5481,7.155,3.5021,2.5696,0.1603,0.3206,4744911.6
3003,2009-11-12,30.0694,25.6742,7.1903,3.5194,2.5823,0.1595,0.319,4768335.0
3004,2009-11-11,29.2676,24.9896,6.9986,3.4255,2.5134,0.1639,0.3277,4641179.4
3005,2009-11-10,29.2254,24.9535,6.9885,3.4206,2.5098,0.1641,0.3282,4634487.0
3006,2009-11-09,28.6662,24.4761,6.8548,3.3551,2.4618,0.1673,0.3346,4545812.7
3007,2009-11-06,28.9194,24.6923,6.9153,3.3848,2.4835,0.1658,0.3317,4585967.1
3008,2009-11-05,28.9616,24.7283,6.9254,3.3897,2.4872,0.1656,0.3312,4592659.5
3009,2009-11-04,29.1093,24.8544,6.9608,3.407,2.4998,0.1648,0.3295,4616082.9
3010,2009-11-03,29.4364,25.1337,7.039,3.4453,2.5279,0.1629,0.3258,4667949.0
3011,2009-11-02,29.352,25.0616,7.0188,3.4354,2.5207,0.1634,0.3268,4654564.2
3012,2009-10-30,28.4657,24.3049,6.8069,3.3317,2.4446,0.1685,0.3369,4514023.8
3013,2009-10-29,27.9488,23.8635,6.6832,3.2712,2.4002,0.1716,0.3432,4432041.9
3014,2009-10-28,28.3286,24.1878,6.7741,3.3156,2.4328,0.1693,0.3386,4492273.5
3015,2009-10-27,27.7483,23.6923,6.6353,3.2477,2.383,0.1728,0.3457,4400253.0
3016,2009-10-26,28.0754,23.9716,6.7135,3.286,2.411,0.1708,0.3416,4452119.1
3017,2009-10-23,29.0144,25.2871,7.8143,3.3959,2.7718,0.1653,0.3306,4601025.0
3018,2009-10-22,28.9194,25.2044,7.7888,3.3848,2.7627,0.1658,0.3317,4585967.1
3019,2009-10-21,28.8983,25.186,7.7831,3.3823,2.7607,0.166,0.3319,4582620.9
3020,2009-10-20,29.1199,25.3791,7.8428,3.4082,2.7819,0.1647,0.3294,4617756.0
3021,2009-10-19,29.1515,25.4067,7.8513,3.4119,2.7849,0.1645,0.329,4622775.3
3022,2009-10-16,28.202,24.5791,7.5955,3.3008,2.6942,0.1701,0.3401,4472196.3
3023,2009-10-15,28.0648,24.4596,7.5586,3.2848,2.6811,0.1709,0.3418,4450446.0
3024,2009-10-14,27.3052,23.7975,7.354,3.1958,2.6085,0.1756,0.3513,4329982.8
3025,2009-10-13,27.8011,24.2297,7.4876,3.2539,2.6559,0.1725,0.345,4408618.5
3026,2009-10-12,27.5056,23.9722,7.408,3.2193,2.6277,0.1744,0.3487,4361771.7
3027,2009-10-09,26.5666,23.1538,7.1551,3.1094,2.538,0.1805,0.361,4212865.8
3028,2009-09-30,25.2161,21.9768,6.7914,2.9513,2.4089,0.1902,0.3804,3998709.0
3029,2009-09-29,24.7203,21.5446,6.6578,2.8933,2.3616,0.194,0.388,3920073.3
3030,2009-09-28,24.4776,21.3332,6.5925,2.8649,2.3384,0.1959,0.3918,3881592.0
3031,2009-09-25,25.2583,22.0136,6.8027,2.9563,2.413,0.1899,0.3797,4005401.4
3032,2009-09-24,25.6382,22.3446,6.905,3.0007,2.4493,0.1871,0.3741,4065633.0
3033,2009-09-23,26.8304,23.3837,7.2261,3.1403,2.5632,0.1787,0.3575,4254693.3
3034,2009-09-22,26.6827,23.255,7.1864,3.123,2.5491,0.1797,0.3595,4231269.9
3035,2009-09-21,26.4611,23.0619,7.1267,3.0971,2.5279,0.1812,0.3625,4196134.8
3036,2009-09-18,25.9019,22.5745,6.9761,3.0316,2.4745,0.1852,0.3703,4107460.5
3037,2009-09-17,26.9042,23.4481,7.246,3.1489,2.5702,0.1783,0.3565,4266405.0
3038,2009-09-16,27.0098,23.54,7.2744,3.1613,2.5803,0.1776,0.3551,4283136.0
3039,2009-09-15,26.4717,23.0711,7.1295,3.0983,2.5289,0.1812,0.3623,4197807.9
3040,2009-09-14,26.9675,23.5033,7.2631,3.1563,2.5763,0.1778,0.3557,4276443.6
3041,2009-09-11,26.6932,23.2642,7.1892,3.1242,2.5501,0.1797,0.3593,4232943.0
3042,2009-09-10,26.0602,22.7125,7.0187,3.0501,2.4896,0.184,0.3681,4132557.0
3043,2009-09-09,26.6088,23.1906,7.1665,3.1143,2.542,0.1802,0.3605,4219558.2
3044,2009-09-08,25.6487,22.3538,6.9079,3.002,2.4503,0.187,0.374,4067306.1
3045,2009-09-07,24.5831,21.4251,6.6209,2.8772,2.3485,0.1951,0.3902,3898323.0
3046,2009-09-04,24.7941,21.609,6.6777,2.9019,2.3686,0.1934,0.3868,3931785.0
3047,2009-09-03,24.1083,21.0113,6.493,2.8217,2.3031,0.1989,0.3979,3823033.5
3048,2009-09-02,22.6312,19.724,6.0952,2.6488,2.162,0.2119,0.4238,3588799.5
3049,2009-09-01,22.3674,19.4941,6.0242,2.6179,2.1368,0.2144,0.4288,3546972.0
3050,2009-08-31,22.6629,19.7516,6.1037,2.6525,2.165,0.2116,0.4232,3593818.8
3051,2009-08-28,25.1212,21.8941,6.7658,2.9402,2.3999,0.1909,0.3818,3983651.1
3052,2009-08-27,26.1024,22.7492,7.0301,3.0551,2.4936,0.1837,0.3675,4139249.4
3053,2009-08-26,26.3767,22.9883,7.104,3.0872,2.5198,0.1818,0.3636,4182750.0
3054,2009-08-25,24.8152,21.6274,6.6834,2.9044,2.3706,0.1933,0.3865,3935131.2
3055,2009-08-24,25.3216,22.0688,6.8198,2.9637,2.419,0.1894,0.3788,4015440.0
3056,2009-08-21,24.6464,21.4803,6.6379,2.8847,2.3545,0.1946,0.3892,3908361.6
3057,2009-08-20,23.8973,20.8274,6.4362,2.797,2.283,0.2007,0.4014,3789571.5
3058,2009-08-19,22.8422,19.9079,6.152,2.6735,2.1822,0.21,0.4199,3622261.5
3059,2009-08-18,23.3698,20.3676,6.2941,2.7352,2.2326,0.2052,0.4104,3705916.5
3060,2009-08-14,24.3088,21.186,6.547,2.8451,2.3223,0.1973,0.3946,3854822.4
3061,2009-08-13,24.678,21.5079,6.6465,2.8884,2.3575,0.1943,0.3887,3913380.9
3062,2009-08-12,24.6569,21.4895,6.6408,2.8859,2.3555,0.1945,0.389,3910034.7
3063,2009-08-11,26.4611,23.0619,7.1267,3.0971,2.5279,0.1812,0.3625,4196134.8
3064,2009-08-10,26.4822,23.0803,7.1324,3.0995,2.5299,0.1811,0.3622,4199481.0
3065,2009-08-07,25.2161,21.9768,6.7914,2.9513,2.4089,0.1902,0.3804,3998709.0
3066,2009-08-06,24.7941,26.1319,6.6777,2.9019,2.7061,0.1934,0.3868,3931785.0
3067,2009-08-05,25.5854,26.9659,6.8908,2.9946,2.7925,0.1874,0.3749,4057267.5
3068,2009-08-04,26.3767,27.7999,7.104,3.0872,2.8789,0.1818,0.3636,4182750.0
3069,2009-08-03,24.9946,26.3432,6.7317,2.9254,2.728,0.1919,0.3837,3963573.9
3070,2009-07-31,25.1001,26.4544,6.7601,2.9378,2.7395,0.1911,0.3821,3980304.9
3071,2009-07-30,24.2033,25.5092,6.5186,2.8328,2.6416,0.1981,0.3963,3838091.4
3072,2009-07-29,23.5808,24.8531,6.3509,2.7599,2.5737,0.2034,0.4068,3739378.5
3073,2009-07-28,25.1528,26.51,6.7743,2.9439,2.7453,0.1907,0.3813,3988670.4
3074,2009-07-27,25.5643,26.9437,6.8851,2.9921,2.7902,0.1876,0.3752,4053921.3
3075,2009-07-24,25.712,27.0993,6.9249,3.0094,2.8063,0.1865,0.373,4077344.7
3076,2009-07-23,25.1423,26.4989,6.7715,2.9427,2.7441,0.1907,0.3815,3986997.3
3077,2009-07-22,25.406,26.7769,6.8425,2.9736,2.7729,0.1888,0.3775,4028824.8
3078,2009-07-21,25.2056,26.5656,6.7885,2.9501,2.751,0.1903,0.3805,3997035.9
3079,2009-07-20,25.7331,27.1216,6.9306,3.0119,2.8086,0.1864,0.3727,4080690.9
3080,2009-07-17,25.5116,26.8881,6.8709,2.9859,2.7844,0.188,0.376,4045555.8
3081,2009-07-16,25.4694,26.8436,6.8596,2.981,2.7798,0.1883,0.3766,4038863.4
3082,2009-07-15,26.1129,27.5219,7.0329,3.0563,2.8501,0.1837,0.3673,4140922.5
3083,2009-07-14,26.7143,28.1557,7.1949,3.1267,2.9157,0.1795,0.359,4236289.2
3084,2009-07-13,26.3134,27.7332,7.0869,3.0798,2.8719,0.1823,0.3645,4172711.4
3085,2009-07-10,25.1634,26.5211,6.7772,2.9452,2.7464,0.1906,0.3812,3990343.5
3086,2009-07-09,25.2545,26.6171,7.4039,2.9558,2.7564,0.1899,,4004793.0
3087,2009-07-08,24.3625,25.677,7.1424,2.8514,2.659,0.1969,,3863340.0
3088,2009-07-07,24.0364,25.3333,7.0468,2.8133,2.6234,0.1995,,3811626.0
3089,2009-07-06,24.1419,25.4445,7.0778,2.8256,2.6349,0.1986,,3828357.0
3090,2009-07-03,22.377,23.5844,6.5604,2.619,2.4423,0.2143,,3548493.0
3091,2009-07-02,22.0222,23.2104,6.4563,2.5775,2.4036,0.2178,,3492216.0
3092,2009-07-01,21.8303,23.0082,6.4001,2.5551,2.3826,0.2197,,3461796.0
3093,2009-06-30,21.4179,22.5735,6.2792,2.5068,2.3376,0.2239,,3396393.0
3094,2009-06-29,22.5305,23.7462,6.6053,2.637,2.4591,0.2129,,3572829.0
3095,2009-06-26,22.4442,23.6552,6.58,2.6269,2.4496,0.2137,,3559140.0
3096,2009-06-25,22.5785,23.7967,6.6194,2.6426,2.4643,0.2124,,3580434.0
3097,2009-06-24,22.9142,24.1505,6.7178,2.6819,2.5009,0.2093,,3633669.0
3098,2009-06-23,21.2932,22.4421,6.2426,2.4922,2.324,0.2252,,3376620.0
3099,2009-06-22,20.9287,22.058,6.1357,2.4495,2.2842,0.2291,,3318822.0
3100,2009-06-19,20.6506,21.7648,6.0542,2.417,2.2539,0.2322,,3274713.0
3101,2009-06-18,20.641,21.7547,6.0514,2.4159,2.2528,0.2323,,3273192.0
3102,2009-06-17,19.8353,20.9055,5.8152,2.3216,2.1649,0.2418,,3145428.0
3103,2009-06-16,18.9337,19.9553,5.5509,2.216,2.0665,0.2533,,3002454.0
3104,2009-06-15,18.6939,19.7026,5.4806,2.188,2.0403,0.2565,,2964429.0
3105,2009-06-12,18.2335,19.2173,5.3456,2.1341,1.9901,0.263,,2891421.0
3106,2009-06-11,18.5117,19.5105,5.4271,2.1666,2.0204,0.2591,,2935530.0
3107,2009-06-10,19.0008,20.026,5.5705,2.2239,2.0738,0.2524,,3013101.0
3108,2009-06-09,18.2623,19.2476,5.354,2.1374,1.9932,0.2626,,2895984.0
3109,2009-06-08,18.4157,19.4094,5.399,2.1554,2.01,0.2604,,2920320.0
3110,2009-06-05,19.1159,20.1474,5.6043,2.2374,2.0864,0.2509,,3031353.0
3111,2009-06-04,19.3173,20.3596,5.6633,2.2609,2.1084,0.2483,,3063294.0
3112,2009-06-03,19.0871,20.117,5.5958,2.234,2.0832,0.2513,,3026790.0
3113,2009-06-02,19.2886,20.3293,5.6549,2.2576,2.1052,0.2486,0.2486,3058731.0
3114,2009-06-01,19.6435,20.7033,5.7589,2.2991,2.144,0.2441,0.2441,3115008.0
3115,2009-05-27,19.0584,20.0867,5.5874,2.2306,2.0801,0.2516,0.2516,3022227.0
3116,2009-05-26,18.8569,19.8744,5.5284,2.2071,2.0581,0.2543,0.2543,2990286.0
3117,2009-05-25,19.1831,20.2181,5.624,2.2452,2.0937,0.25,0.25,3042000.0
3118,2009-05-22,19.3749,20.4203,5.6802,2.2677,2.1147,0.2475,0.2475,3072420.0
3119,2009-05-20,20.0847,21.1684,5.8883,2.3507,2.1921,0.2388,0.2388,3184974.0
3120,2009-05-19,20.1326,21.2189,5.9024,2.3564,2.1974,0.2382,0.2382,3192579.0
3121,2009-05-18,19.5667,20.6225,5.7364,2.2901,2.1356,0.2451,0.2451,3102840.0
3122,2009-05-15,19.7298,20.7943,5.7842,2.3092,2.1534,0.2431,0.2431,3128697.0
3123,2009-05-14,19.5763,20.6326,5.7393,2.2912,2.1366,0.245,0.245,3104361.0
3124,2009-05-13,19.4516,20.5012,5.7027,2.2767,2.123,0.2465,0.2465,3084588.0
3125,2009-05-12,19.8641,20.9359,5.8236,2.3249,2.168,0.2414,0.2414,3149991.0
3126,2009-05-11,19.068,20.0968,5.5902,2.2317,2.0812,0.2515,0.2515,3023748.0
3127,2009-05-08,19.653,20.7135,5.7618,2.3002,2.145,0.244,0.244,3116529.0
3128,2009-05-07,20.3532,21.4514,5.967,2.3822,2.2214,0.2356,0.2356,3227562.0
3129,2009-05-06,20.8712,21.9973,6.1189,2.4428,2.278,0.2298,0.2298,3309696.0
3130,2009-05-05,21.015,22.1489,6.1611,2.4596,2.2937,0.2282,0.2282,3332511.0
3131,2009-05-04,20.8424,21.967,6.1104,2.4394,2.2748,0.2301,0.2301,3305133.0
3132,2009-04-30,20.4396,21.5424,5.9923,2.3923,2.2309,0.2346,0.2346,3241251.0
3133,2009-04-29,19.5379,19.742,6.0603,2.2868,2.2868,0.2455,0.2455,3098277.0
3134,2009-04-28,19.02,19.2187,5.8996,2.2261,2.2261,0.2521,0.2521,3016143.0
3135,2009-04-27,18.6651,18.8601,5.7896,2.1846,2.1846,0.2569,0.2569,2959866.0
3136,2009-04-24,19.231,19.4319,5.9651,2.2508,2.2508,0.2494,0.2494,3049605.0
3137,2009-04-23,19.5763,19.7808,6.0722,2.2912,2.2912,0.245,0.245,3104361.0
3138,2009-04-22,19.2886,19.4901,5.9829,2.2576,2.2576,0.2486,0.2486,3058731.0
3139,2009-04-21,20.5259,20.7403,6.3667,2.4024,2.4024,0.2336,0.2336,3254940.0
3140,2009-04-20,26.6429,19.5288,7.1896,3.9595,2.7973,0.214,0.214,3553056.0
3141,2009-04-17,26.0954,19.1275,7.0418,3.8781,2.7398,0.2185,0.2185,3480048.0
3142,2009-04-16,27.1447,19.8966,7.325,4.0341,2.85,0.2101,0.2101,3619980.0
3143,2009-04-15,27.3158,20.022,7.3712,4.0595,2.8679,0.2088,0.2088,3642795.0
3144,2009-04-14,27.3842,20.0722,7.3896,4.0696,2.8751,0.2082,0.2082,3651921.0
3145,2009-04-13,25.4111,18.6259,6.8572,3.7764,2.668,0.2244,0.2244,3388788.0
3146,2009-04-10,24.6355,18.0574,6.6479,3.6612,2.5865,0.2315,0.2315,3285360.0
3147,2009-04-09,23.8029,17.4472,6.4232,3.5374,2.4991,0.2396,0.2396,3174327.0
3148,2009-04-08,23.7573,17.4137,6.4109,3.5306,2.4943,0.24,0.24,3168243.0
3149,2009-04-07,25.0689,18.3751,6.7649,3.7256,2.632,0.2275,0.2275,3343158.0
3150,2009-04-03,25.0803,18.3835,6.7679,3.7273,2.6332,0.2274,0.2274,3344679.0
3151,2009-04-02,25.4339,18.6426,6.8633,3.7798,2.6704,0.2242,0.2242,3391830.0
3152,2009-04-01,24.3846,17.8735,6.5802,3.6239,2.5602,0.2339,0.2339,3251898.0
3153,2009-03-31,23.86,17.489,6.4386,3.5459,2.5051,0.239,0.239,3181932.0
3154,2009-03-30,23.974,17.5726,6.4694,3.5628,2.5171,0.2379,0.2379,3197142.0
3155,2009-03-27,24.1679,17.7147,6.5217,3.5917,2.5374,0.236,0.236,3222999.0
3156,2009-03-26,24.339,17.8401,6.5679,3.6171,2.5554,0.2343,0.2343,3245814.0
3157,2009-03-25,23.8486,17.4806,6.4355,3.5442,2.5039,0.2391,0.2391,3180411.0
3158,2009-03-24,24.5899,18.024,6.6356,3.6544,2.5817,0.2319,0.2319,3279276.0
3159,2009-03-23,25.3198,18.559,6.8326,3.7629,2.6584,0.2252,0.2252,3376620.0
3160,2009-03-20,23.2099,17.0124,6.2632,3.4493,2.4368,0.2457,0.2457,3095235.0
3161,2009-03-19,23.6319,17.3218,6.3771,3.512,2.4812,0.2413,0.2413,3151512.0
3162,2009-03-18,23.5406,17.2549,6.3524,3.4984,2.4716,0.2422,0.2422,3139344.0
3163,2009-03-17,23.3125,17.0877,6.2909,3.4645,2.4476,0.2446,0.2446,3108924.0
3164,2009-03-16,22.286,16.3353,6.0139,3.312,2.3399,0.2559,0.2559,2972034.0
3165,2009-03-13,22.1834,16.26,5.9862,3.2967,2.3291,0.2571,0.2571,2958345.0
3166,2009-03-12,21.9667,16.1012,5.9277,3.2645,2.3063,0.2596,0.2596,2929446.0
3167,2009-03-11,21.9553,16.0929,5.9246,3.2628,2.3051,0.2597,0.2597,2927925.0
3168,2009-03-10,22.4685,16.469,6.0631,3.3391,2.359,0.2538,0.2538,2996370.0
3169,2009-03-09,21.8412,16.0093,5.8939,3.2459,2.2932,0.2611,0.2611,2912715.0
3170,2009-03-06,23.3695,17.1295,6.3063,3.473,2.4536,0.244,0.244,3116529.0
3171,2009-03-05,24.1793,17.723,6.5248,3.5934,2.5386,0.2358,0.2358,3224520.0
3172,2009-03-04,24.8294,18.1996,6.7002,3.69,2.6069,0.2297,0.2297,3311217.0
3173,2009-03-03,22.9247,16.8034,6.1862,3.4069,2.4069,0.2488,0.2488,3057210.0
3174,2009-03-02,22.2062,16.2768,5.9923,3.3001,2.3315,0.2568,0.2568,2961387.0
3175,2009-02-27,21.328,15.6331,5.7554,3.1696,2.2393,0.2674,0.2674,2844270.0
3176,2009-02-26,21.0314,15.4157,5.6753,3.1255,2.2081,0.2711,0.2711,2804724.0
3177,2009-02-25,22.8449,16.7449,6.1647,3.395,2.3985,0.2496,0.2496,3046563.0
3178,2009-02-24,23.8372,17.4722,6.4325,3.5425,2.5027,0.2392,0.2392,3178890.0
3179,2009-02-23,24.5443,17.9906,6.6233,3.6476,2.577,0.2323,0.2323,3273192.0
3180,2009-02-20,23.552,17.2632,6.3555,3.5001,2.4728,0.2421,0.2421,3140865.0
3181,2009-02-19,23.4836,17.2131,6.337,3.49,2.4656,0.2428,0.2428,3131739.0
3182,2009-02-18,21.3508,15.6498,5.7615,3.173,2.2417,0.2671,0.2671,2847312.0
3183,2009-02-17,20.598,15.098,5.5584,3.0611,2.1626,0.2769,0.2769,2746926.0
3184,2009-02-16,20.7919,15.2401,5.6107,3.0899,2.183,0.2743,0.2743,2772783.0
3185,2009-02-13,20.4612,14.9977,5.5214,3.0408,2.1483,0.2787,0.2787,2728674.0
3186,2009-02-12,18.6021,13.635,5.0198,2.7645,1.9531,0.3066,0.3066,2480751.0
3187,2009-02-11,19.1039,14.0029,5.1552,2.8391,2.0058,0.2985,0.2985,2547675.0
3188,2009-02-10,18.7162,13.7186,5.0506,2.7815,1.965,0.3047,0.3047,2495961.0
3189,2009-02-09,18.4766,13.5431,4.9859,2.7459,1.9399,0.3086,0.3086,2464020.0
3190,2009-02-06,18.2942,13.4093,4.9367,2.7187,1.9207,0.3117,0.3117,2439684.0
3191,2009-02-05,17.7581,13.0164,4.792,2.6391,1.8645,0.3211,0.3211,2368197.0
3192,2009-02-04,17.9634,13.1669,4.8474,2.6696,1.886,0.3175,0.3175,2395575.0
3193,2009-02-03,18.1345,13.2923,4.8936,2.695,1.904,0.3145,0.3145,2418390.0
3194,2009-02-02,17.7467,13.008,4.7889,2.6374,1.8633,0.3213,0.3213,2366676.0
3195,2009-01-23,16.9825,12.4479,4.5827,2.5238,1.783,0.3358,0.3358,2264769.0
3196,2009-01-22,17.2221,12.6235,4.6474,2.5594,1.8082,0.3311,0.3311,2296710.0
3197,2009-01-21,17.0168,12.473,4.592,2.5289,1.7866,0.3351,0.3351,2269332.0
3198,2009-01-20,16.6518,12.2055,4.4935,2.4747,1.7483,0.3425,0.3425,2220660.0
3199,2009-01-19,16.1385,11.8293,4.355,2.3984,1.6944,0.3534,0.3534,2152215.0
3200,2009-01-16,16.1157,11.8126,4.3488,2.395,1.692,0.3539,0.3539,2149173.0
3201,2009-01-15,15.4542,11.3277,4.1703,2.2967,1.6226,0.369,0.369,2060955.0
3202,2009-01-14,15.1235,11.0853,4.0811,2.2475,1.5878,0.3771,0.3771,2016846.0
3203,2009-01-13,14.3707,10.5335,3.8779,2.1357,1.5088,0.3968,0.3968,1916460.0
3204,2009-01-12,15.1805,11.1271,4.0965,2.256,1.5938,0.3757,0.3757,2024451.0
3205,2009-01-09,15.055,11.0351,4.0626,2.2374,1.5807,0.3788,0.3788,2007720.0
3206,2009-01-08,14.519,10.6422,3.918,2.1577,1.5244,0.3928,0.3928,1936233.0
3207,2009-01-07,14.9866,10.9849,4.0441,2.2272,1.5735,0.3805,0.3805,1998594.0
3208,2009-01-06,15.1235,11.0853,4.0811,2.2475,1.5878,0.3771,0.3771,2016846.0
3209,2009-01-05,13.7434,10.0737,3.7087,2.0424,1.4429,0.4149,0.4149,1832805.0
3210,2008-12-31,12.7512,9.3464,3.4409,1.895,1.3388,0.1193,0.4472,1700478.0
3211,2008-12-30,13.1275,9.6223,3.5425,1.9509,1.3783,0.1158,0.4344,1750671.0
3212,2008-12-29,13.4355,9.848,3.6256,1.9967,1.4106,0.1132,0.4244,1791738.0
3213,2008-12-26,13.1161,9.6139,3.5394,1.9492,1.3771,0.1159,0.4348,1749150.0
3214,2008-12-25,13.5495,9.9316,3.6563,2.0136,1.4226,0.1122,0.4209,1806948.0
3215,2008-12-24,13.6864,10.0319,3.6933,2.034,1.437,0.1111,0.4167,1825200.0
3216,2008-12-23,14.4962,10.6255,3.9118,2.1543,1.522,0.1049,0.3934,1933191.0
3217,2008-12-22,15.6823,11.4949,4.2319,2.3306,1.6465,0.097,0.3636,2091375.0
3218,2008-12-19,16.0587,11.7708,4.3334,2.3865,1.686,0.0947,0.3551,2141568.0
3219,2008-12-18,15.9561,11.6955,4.3057,2.3713,1.6753,0.0953,0.3574,2127879.0
3220,2008-12-17,15.785,11.5701,4.2596,2.3459,1.6573,0.0963,0.3613,2105064.0
3221,2008-12-16,15.7166,11.52,4.2411,2.3357,1.6501,0.0968,0.3628,2095938.0
3222,2008-12-15,15.3972,11.2859,4.1549,2.2882,1.6166,0.0988,0.3704,2053350.0
3223,2008-12-12,15.2489,11.1772,4.1149,2.2662,1.601,0.0997,0.374,2033577.0
3224,2008-12-11,15.6139,11.4447,4.2134,2.3204,1.6393,0.0974,0.3652,2082249.0
3225,2008-12-10,16.8229,12.3309,4.5397,2.5001,1.7663,0.0904,0.339,2243475.0
3226,2008-12-09,16.8229,12.3309,4.5397,2.5001,1.7663,0.0904,0.339,2243475.0
3227,2008-12-08,17.5414,12.8576,4.7336,2.6069,1.8417,0.0867,0.3251,2339298.0
3228,2008-12-05,16.8229,12.3309,4.5397,2.5001,1.7663,0.0904,0.339,2243475.0
3229,2008-12-04,16.7658,12.2891,4.5243,2.4916,1.7603,0.0907,0.3401,2235870.0
3230,2008-12-03,17.165,12.5817,4.632,2.5509,1.8022,0.0886,0.3322,2289105.0
3231,2008-12-02,16.0587,11.7708,4.3334,2.3865,1.686,0.0947,0.3551,2141568.0
3232,2008-12-01,16.2184,11.8878,4.3765,2.4103,1.7028,0.0938,0.3516,2162862.0
3233,2008-11-28,15.5683,11.4113,4.2011,2.3136,1.6345,0.0977,0.3663,2076165.0
3234,2008-11-27,15.3288,11.2357,4.1365,2.2781,1.6094,0.0992,0.372,2044224.0
3235,2008-11-26,14.998,10.9933,4.0472,2.2289,1.5747,0.1014,0.3802,2000115.0
3236,2008-11-25,14.5874,10.6923,3.9364,2.1679,1.5316,0.1042,0.3909,1945359.0
3237,2008-11-24,14.9752,10.9766,4.0411,2.2255,1.5723,0.1015,0.3808,1997073.0
3238,2008-11-21,16.629,12.1888,4.4873,2.4713,1.7459,0.0914,0.3429,2217618.0
3239,2008-11-20,16.2184,11.8878,4.3765,2.4103,1.7028,0.0938,0.3516,2162862.0
3240,2008-11-19,15.8534,11.6203,4.278,2.356,1.6645,0.0959,0.3597,2114190.0
3241,2008-11-18,14.4163,10.5669,3.8903,2.1425,1.5136,0.1055,0.3956,1922544.0
3242,2008-11-17,15.9104,11.6621,4.2934,2.3645,1.6705,0.0956,0.3584,2121795.0
3243,2008-11-14,15.477,11.3444,4.1765,2.3001,1.625,0.0983,0.3685,2063997.0
3244,2008-11-13,14.154,10.3747,3.8195,2.1035,1.4861,0.1074,0.4029,1887561.0
3245,2008-11-12,13.4013,9.8229,3.6163,1.9916,1.407,0.1135,0.4255,1787175.0
3246,2008-11-11,12.6827,9.2962,3.4224,1.8848,1.3316,0.1199,0.4496,1691352.0
3247,2008-11-10,11.5308,8.4519,3.1116,1.7136,1.2106,0.1319,0.4946,1537731.0
3248,2008-11-07,10.4815,7.6828,2.8284,1.5577,1.1005,0.1451,0.5441,1397799.0
3249,2008-11-06,10.4473,7.6577,2.8192,1.5526,1.0969,0.1456,0.5459,1393236.0
3250,2008-11-05,10.9491,8.0255,2.9546,1.6272,1.1496,0.1389,0.5208,1460160.0
3251,2008-11-04,10.356,7.5908,2.7946,1.539,1.0873,0.1468,0.5507,1381068.0
3252,2008-11-03,10.5043,7.6995,2.8346,1.5611,1.1029,0.1448,0.5429,1400841.0
3253,2008-10-31,10.9605,8.0339,2.9577,1.6289,1.1508,0.1387,0.5203,1461681.0
3254,2008-10-30,11.0974,8.1342,2.9946,1.6492,1.1651,0.137,0.5139,1479933.0
3255,2008-10-29,11.622,8.5188,3.1362,1.7272,1.2202,0.1308,0.4907,1549899.0
3256,2008-10-28,12.831,9.4049,3.4624,1.9069,1.3472,0.1185,0.4444,1711125.0
3257,2008-10-27,12.7512,9.8862,3.8206,1.895,1.4678,0.1193,0.4472,1700478.0
3258,2008-10-24,13.2074,10.24,3.9572,1.9628,1.5203,0.1151,0.4318,1761318.0
3259,2008-10-22,14.4277,11.1861,4.3229,2.1441,1.6608,0.1054,0.3953,1924065.0
3260,2008-10-21,14.6102,11.3276,4.3776,2.1713,1.6818,0.1041,0.3903,1948401.0
3261,2008-10-20,14.998,11.6283,4.4938,2.2289,1.7264,0.1014,0.3802,2000115.0
3262,2008-10-17,13.6294,10.5671,4.0837,2.0255,1.5689,0.1116,0.4184,1817595.0
3263,2008-10-16,13.2416,10.2665,3.9675,1.9679,1.5242,0.1148,0.4307,1765881.0
3264,2008-10-15,14.0172,10.8678,4.1999,2.0831,1.6135,0.1085,0.4068,1869309.0
3265,2008-10-14,14.1426,10.9651,4.2375,2.1018,1.628,0.1075,0.4032,1886040.0
3266,2008-10-13,14.7471,11.4337,4.4186,2.1916,1.6975,0.1031,0.3867,1966653.0
3267,2008-10-10,14.2567,11.0535,4.2716,2.1187,1.6411,0.1067,0.4,1901250.0
3268,2008-10-09,14.9068,11.5575,4.4664,2.2153,1.7159,0.102,0.3826,1987947.0
3269,2008-10-08,15.9561,12.3711,4.7808,2.3713,1.8367,0.0953,0.3574,2127879.0
3270,2008-10-07,15.8534,12.2915,4.7501,2.356,1.8249,0.0959,0.3597,2114190.0
3271,2008-10-06,16.0359,12.433,4.8047,2.3831,1.8459,0.0948,0.3556,2138526.0
3272,2008-09-26,16.7772,13.0078,5.0269,2.4933,1.9312,0.0906,0.3399,2237391.0
3273,2008-09-25,15.8534,12.2915,4.7501,2.356,1.8249,0.0959,0.3597,2114190.0
3274,2008-09-24,14.941,11.5841,4.4767,2.2204,1.7199,0.1018,0.3817,1992510.0
3275,2008-09-23,14.576,11.3011,4.3673,2.1662,1.6779,0.1043,0.3912,1943838.0
3276,2008-09-22,14.462,11.2127,4.3332,2.1492,1.6647,0.1052,0.3943,1928628.0
3277,2008-09-19,13.1504,10.1957,3.9402,1.9543,1.5137,0.1156,0.4337,1753713.0
3278,2008-09-18,11.9528,9.2673,3.5813,1.7763,1.3759,0.1272,0.4771,1594008.0
3279,2008-09-17,12.8652,9.9747,3.8547,1.9119,1.4809,0.1182,0.4433,1715688.0
3280,2008-09-16,12.9337,10.0277,3.8752,1.9221,1.4888,0.1176,0.4409,1724814.0
3281,2008-09-12,12.8538,9.9658,3.8513,1.9102,1.4796,0.1183,0.4437,1714167.0
3282,2008-09-11,12.6599,9.8155,3.7932,1.8814,1.4573,0.1201,0.4505,1688310.0
3283,2008-09-10,13.0021,10.0808,3.8957,1.9323,1.4967,0.117,0.4386,1733940.0
3284,2008-09-09,13.1618,10.2046,3.9436,1.956,1.5151,0.1155,0.4333,1755234.0
3285,2008-09-08,12.7512,9.8862,3.8206,1.895,1.4678,0.1193,0.4472,1700478.0
3286,2008-09-05,13.0021,10.0808,3.8957,1.9323,1.4967,0.117,0.4386,1733940.0
3287,2008-09-04,13.0021,10.0808,3.8957,1.9323,1.4967,0.117,0.4386,1733940.0
3288,2008-09-03,13.1504,10.1957,3.9402,1.9543,1.5137,0.1156,0.4337,1753713.0
3289,2008-09-02,12.8196,9.9393,3.8411,1.9052,1.4757,0.1186,0.4448,1709604.0
3290,2008-09-01,12.831,9.9481,3.8445,1.9069,1.477,0.1185,0.4444,1711125.0
3291,2008-08-29,12.5345,9.7182,3.7556,1.8628,1.4428,0.1213,0.455,1671579.0
3292,2008-08-28,11.8159,9.1611,3.5403,1.756,1.3601,0.1287,0.4826,1575756.0
3293,2008-08-27,11.5308,8.9401,3.4549,1.7136,1.3273,0.1319,0.4946,1537731.0
3294,2008-08-26,11.7247,9.0904,3.513,1.7424,1.3496,0.1297,0.4864,1563588.0
3295,2008-08-25,12.5459,9.7271,3.759,1.8645,1.4442,0.1212,0.4545,1673100.0
3296,2008-08-22,12.4432,9.6475,3.7283,1.8492,1.4323,0.1222,0.4583,1659411.0
3297,2008-08-21,12.9679,10.0543,3.8855,1.9272,1.4927,0.1173,0.4398,1729377.0
3298,2008-08-20,13.4583,10.4345,4.0324,2.0001,1.5492,0.113,0.4237,1794780.0
3299,2008-08-19,12.4318,9.6386,3.7249,1.8475,1.431,0.1223,0.4587,1657890.0
3300,2008-08-18,12.4318,9.6386,3.7249,1.8475,1.431,0.1223,0.4587,1657890.0
3301,2008-08-15,13.1732,10.2134,3.947,1.9577,1.5164,0.1154,0.4329,1756755.0
3302,2008-08-14,13.1389,10.1869,3.9367,1.9526,1.5124,0.1157,0.434,1752192.0
3303,2008-08-13,13.0933,10.1515,3.9231,1.9458,1.5072,0.1161,0.4355,1746108.0
3304,2008-08-12,13.2302,10.2576,3.9641,1.9662,1.5229,0.1149,0.431,1764360.0
3305,2008-08-11,13.1047,10.1604,3.9265,1.9475,1.5085,0.116,0.4352,1747629.0
3306,2008-08-08,13.9829,10.8413,4.1896,2.078,1.6096,0.1088,0.4078,1864746.0
3307,2008-08-07,15.1919,13.6187,5.1739,2.2577,1.9837,0.1001,0.3754,2025972.0
3308,2008-08-06,15.2147,13.6392,5.1817,2.2611,1.9866,0.1,0.3748,2029014.0
3309,2008-08-05,15.3402,13.7516,5.2244,2.2797,2.003,0.0991,0.3717,2045745.0
3310,2008-08-04,16.4465,14.7434,5.6012,2.4442,2.1475,0.0925,0.3467,2193282.0
3311,2008-08-01,16.9027,15.1524,5.7566,2.512,2.207,0.09,0.3374,2254122.0
3312,2008-07-31,16.5377,14.8252,5.6323,2.4577,2.1594,0.092,0.3448,2205450.0
3313,2008-07-30,17.2221,15.4386,5.8654,2.5594,2.2487,0.0883,0.3311,2296710.0
3314,2008-07-29,16.9711,15.2137,5.7799,2.5221,2.216,0.0896,0.336,2263248.0
3315,2008-07-28,17.7923,15.9499,6.0596,2.6442,2.3232,0.0855,0.3205,2372760.0
3316,2008-07-25,16.8799,15.1319,5.7488,2.5086,2.2041,0.0901,0.3378,2251080.0
3317,2008-07-24,16.572,14.8559,5.644,2.4628,2.1639,0.0918,0.3441,2210013.0
3318,2008-07-23,16.1614,14.4878,5.5041,2.4018,2.1102,0.0941,0.3529,2155257.0
3319,2008-07-22,16.4465,14.7434,5.6012,2.4442,2.1475,0.0925,0.3467,2193282.0
3320,2008-07-21,16.6746,14.9479,5.6789,2.4781,2.1773,0.0912,0.342,2223702.0
3321,2008-07-18,15.7394,14.1095,5.3604,2.3391,2.0551,0.0966,0.3623,2098980.0
3322,2008-07-17,15.1349,13.5676,5.1545,2.2492,1.9762,0.1005,0.3768,2018367.0
3323,2008-07-16,15.2603,13.6801,5.1973,2.2679,1.9926,0.0997,0.3737,2035098.0
3324,2008-07-15,16.4123,14.7127,5.5896,2.4391,2.143,0.0927,0.3475,2188719.0
3325,2008-07-14,17.108,15.3364,5.8265,2.5425,2.2338,0.0889,0.3333,2281500.0
3326,2008-07-11,17.6783,15.8476,6.0207,2.6272,2.3083,0.086,0.3226,2357550.0
3327,2008-07-09,17.9178,16.0623,6.1023,2.6628,2.3396,0.0849,0.3183,2389491.0
3328,2008-07-08,17.3817,15.5818,5.9197,2.5831,2.2696,0.0875,0.3281,2318004.0
3329,2008-07-07,16.686,14.9581,5.6828,2.4798,2.1787,0.0911,0.3418,2225223.0
3330,2008-07-04,15.8534,14.2117,5.3992,2.356,2.07,0.0959,0.3597,2114190.0
3331,2008-07-03,15.9675,14.314,5.4381,2.373,2.0849,0.0952,0.3571,2129400.0
3332,2008-07-02,15.2946,13.7107,5.2089,2.273,1.9971,0.0994,0.3729,2039661.0
3333,2008-07-01,15.9675,14.314,5.4381,2.373,2.0849,0.0952,0.3571,2129400.0
3334,2008-06-30,15.7964,14.1606,5.3798,2.3475,2.0626,0.0963,0.361,2106585.0
3335,2008-06-27,17.5072,15.6942,5.9625,2.6018,2.286,0.0869,0.3257,2334735.0
3336,2008-06-26,19.4461,17.4324,6.6228,2.8899,2.5391,0.0782,0.2933,2593305.0
3337,2008-06-25,21.6017,19.3648,7.357,3.2103,2.8206,0.0704,0.264,2880774.0
3338,2008-04-07,66.4927,24.0764,8.842,6.8873,3.5747,0.0632,0.0632,3207789.0
3339,2008-04-03,61.4797,22.2613,8.1754,6.368,3.3052,0.0684,0.0684,2965950.0
3340,2008-04-02,62.4256,22.6038,8.3012,6.466,3.3561,0.0673,0.0673,3011580.0
3341,2008-03-28,69.3617,25.1153,9.2235,7.1844,3.729,0.0606,0.0606,3346200.0
3342,2008-03-27,66.1616,23.9566,8.798,6.853,3.5569,0.0635,0.0635,3191818.5
3343,2008-03-26,66.9971,32.0598,10.1023,6.9395,4.374,0.0627,0.0627,3232125.0
3344,2008-03-25,65.1212,31.1622,9.8194,6.7452,4.2515,0.0646,0.0646,3141625.5
3345,2008-03-24,62.7408,30.0231,9.4605,6.4986,4.0961,0.067,0.067,3026790.0
3346,2008-03-21,67.1705,32.1428,10.1284,6.9575,4.3853,0.0626,0.0626,3240490.5
3347,2008-03-20,66.9971,32.0598,10.1023,6.9395,4.374,0.0627,0.0627,3232125.0
3348,2008-03-19,65.8936,31.5318,9.9359,6.8252,4.302,0.0638,0.0638,3178890.0
3349,2008-03-18,64.002,30.6266,9.6506,6.6293,4.1785,0.0657,0.0657,3087630.0
3350,2008-03-17,66.2089,31.6827,9.9834,6.8579,4.3226,0.0635,0.0635,3194100.0
3351,2008-03-14,71.5529,34.2399,10.7892,7.4114,4.6715,0.0588,0.0588,3451909.5
3352,2008-03-13,69.8346,33.4177,10.5301,7.2334,4.5593,0.0602,0.0602,3369015.0
3353,2008-03-12,74.0909,35.4544,11.1719,7.6743,4.8372,0.0567,0.0567,3574350.0
3354,2008-03-11,74.6427,35.7184,11.2551,7.7314,4.8732,0.0563,0.0563,3600967.5
3355,2008-03-10,77.0861,36.8877,11.6235,7.9845,5.0327,0.0545,0.0545,3718845.0
3356,2008-03-07,81.9729,39.2261,12.3604,8.4907,5.3517,0.0513,0.0513,3954600.0
3357,2008-03-06,86.9544,41.6099,13.1115,9.0067,5.677,0.0483,0.0483,4194918.0
3358,2008-03-05,88.2786,42.2435,13.3112,9.1438,5.7634,0.0476,0.0476,4258800.0
3359,2008-03-04,91.1318,43.6089,13.7414,9.4394,5.9497,0.0461,0.0461,4396450.5
3360,2008-03-03,94.3319,45.1402,14.224,9.7708,6.1586,0.0446,0.0446,4550832.0
3361,2008-02-29,90.8166,43.458,13.6939,9.4067,5.9291,0.0463,0.0463,4381240.5
3362,2008-02-28,89.855,42.9979,13.5489,9.3071,5.8663,0.0468,0.0468,4334850.0
3363,2008-02-27,86.3553,41.3232,13.0212,8.9446,5.6379,0.0487,0.0487,4166019.0
3364,2008-02-26,85.1258,40.7348,12.8358,8.8173,5.5576,0.0494,0.0494,4106700.0
3365,2008-02-25,88.4204,42.3114,13.3326,9.1585,5.7727,0.0475,0.0475,4265644.5
3366,2008-02-22,92.5348,44.2803,13.953,9.5847,6.0413,0.0454,0.0454,4464135.0
3367,2008-02-21,94.395,45.1704,14.2335,9.7774,6.1627,0.0445,0.0445,4553874.0
3368,2008-02-20,95.1517,45.5325,14.3476,9.8557,6.2121,0.0442,0.0442,4590378.0
3369,2008-02-19,98.1311,46.9582,14.7968,10.1643,6.4067,0.0428,0.0428,4734112.5
3370,2008-02-18,97.9419,46.8677,14.7683,10.1447,6.3943,0.0429,0.0429,4724986.5
3371,2008-02-15,97.737,46.7696,14.7374,10.1235,6.3809,0.043,0.043,4715100.0
3372,2008-02-14,97.1064,46.4679,14.6423,10.0582,6.3398,0.0433,0.0433,4684680.0
3373,2008-02-13,92.2196,44.1294,13.9055,9.552,6.0207,0.0456,0.0456,4448925.0
3374,2008-02-05,95.2147,45.5627,14.3571,9.8623,6.2163,0.0442,0.0442,4593420.0
3375,2008-02-04,93.4807,44.7329,14.0956,9.6827,6.103,0.045,0.045,4509765.0
3376,2008-01-31,86.1504,41.2252,12.9903,8.9234,5.6245,0.0488,0.0488,4156132.5
3377,2008-01-30,89.2244,42.6962,13.4538,9.2418,5.8252,0.0471,0.0471,4304430.0
3378,2008-01-29,88.9722,42.5755,13.4158,9.2157,5.8087,0.0472,0.0472,4292262.0
3379,2008-01-28,89.0668,42.6207,13.4301,9.2255,5.8149,0.0472,0.0472,4296825.0
3380,2008-01-25,94.8049,45.3666,14.2953,9.8198,6.1895,0.0443,0.0443,4573647.0
3381,2008-01-24,93.8748,44.9215,14.155,9.7235,6.1288,0.0448,0.0448,4528777.5
3382,2008-01-23,92.0619,44.054,13.8817,9.5357,6.0104,0.0457,0.0457,4441320.0
3383,2008-01-22,84.4952,40.4331,12.7407,8.7519,5.5164,0.0498,0.0498,4076280.0
3384,2008-01-21,85.7563,41.0366,12.9309,8.8826,5.5987,0.049,0.049,4137120.0
3385,2008-01-18,86.5445,41.4138,13.0497,8.9642,5.6502,0.0486,0.0486,4175145.0
3386,2008-01-17,86.0716,41.1875,12.9784,8.9152,5.6193,0.0488,0.0488,4152330.0
3387,2008-01-16,89.6185,42.8847,13.5133,9.2826,5.8509,0.0469,0.0469,4323442.5
3388,2008-01-15,93.0078,44.5066,14.0243,9.6337,6.0722,0.0452,0.0452,4486950.0
3389,2008-01-14,91.9201,43.9861,13.8603,9.521,6.0012,0.0457,0.0457,4434475.5
3390,2008-01-11,88.8303,42.5076,13.3944,9.201,5.7994,0.0473,0.0473,4285417.5
3391,2008-01-10,89.3348,42.749,13.4705,9.2532,5.8324,0.0471,0.0471,4309753.5
3392,2008-01-09,91.258,43.6693,13.7605,9.4524,5.9579,0.0461,0.0461,4402534.5
3393,2008-01-08,93.0235,44.5141,14.0267,9.6353,6.0732,0.0452,0.0452,4487710.5
3394,2008-01-07,91.7466,43.9031,13.8342,9.503,5.9898,0.0458,0.0458,4426110.0
3395,2008-01-04,91.7466,43.9031,13.8342,9.503,5.9898,0.0458,0.0458,4426110.0
3396,2008-01-03,92.9132,44.4613,14.01,9.6239,6.066,0.0452,0.0452,4482387.0
3397,2008-01-02,91.1161,43.6014,13.7391,9.4377,5.9487,0.0461,0.0461,4395690.0
3398,2007-12-28,90.5643,43.3374,13.6559,9.3806,5.9126,0.0464,0.0464,4369072.5
3399,2007-12-27,89.2244,42.6962,13.4538,9.2418,5.8252,0.0471,0.0471,4304430.0
3400,2007-12-26,87.38,41.8136,13.1757,9.0508,5.7048,0.0481,0.0481,4215451.5
3401,2007-12-25,87.648,41.9418,13.2161,9.0785,5.7223,0.048,0.048,4228380.0
3402,2007-12-24,86.1819,41.2403,12.9951,8.9267,5.6265,0.0488,0.0488,4157653.5
3403,2007-12-21,83.5494,39.9805,12.5981,8.654,5.4547,0.0503,0.0503,4030650.0
3404,2007-12-20,83.1553,39.7919,12.5387,8.6132,5.4289,0.0506,0.0506,4011637.5
3405,2007-12-19,79.498,38.0418,11.9872,8.2343,5.1902,0.0529,0.0529,3835201.5
3406,2007-12-18,78.1738,37.4082,11.7876,8.0972,5.1037,0.0538,0.0538,3771319.5
3407,2007-12-17,78.0319,37.3403,11.7662,8.0825,5.0944,0.0539,0.0539,3764475.0
3408,2007-12-14,77.291,36.9857,11.6544,8.0057,5.0461,0.0544,0.0544,3728731.5
3409,2007-12-13,75.4309,36.0956,11.374,7.8131,4.9246,0.0557,0.0557,3638992.5
3410,2007-12-12,81.1847,38.849,12.2416,8.4091,5.3003,0.0518,0.0518,3916575.0
3411,2007-12-11,81.1532,38.8339,12.2368,8.4058,5.2982,0.0518,0.0518,3915054.0
3412,2007-12-10,79.6083,38.0946,12.0039,8.2458,5.1974,0.0528,0.0528,3840525.0
3413,2007-12-07,78.4733,37.5515,11.8327,8.1282,5.1233,0.0536,0.0536,3785769.0
3414,2007-12-06,78.5049,37.5666,11.8375,8.1315,5.1253,0.0535,0.0535,3787290.0
3415,2007-12-05,77.3383,37.0084,11.6616,8.0106,5.0492,0.0544,0.0544,3731013.0
3416,2007-12-04,74.1698,35.4921,11.1838,7.6824,4.8423,0.0567,0.0567,3578152.5
3417,2007-12-03,72.483,34.685,10.9295,7.5077,4.7322,0.058,0.058,3496779.0
3418,2007-11-30,73.2712,35.0621,11.0483,7.5894,4.7836,0.0574,0.0574,3534804.0
3419,2007-11-29,73.7757,35.3035,11.1244,7.6416,4.8166,0.057,0.057,3559140.0
3420,2007-11-28,72.2938,34.5944,10.9009,7.4881,4.7198,0.0581,0.0581,3487653.0
3421,2007-11-27,75.3521,36.0579,11.3621,7.8049,4.9195,0.0558,0.0558,3635190.0
3422,2007-11-26,80.1601,38.3586,12.0871,8.3029,5.2334,0.0524,0.0524,3867142.5
3423,2007-11-23,79.5295,38.0569,11.992,8.2376,5.1922,0.0529,0.0529,3836722.5
3424,2007-11-22,76.7708,36.7368,11.576,7.9519,5.0121,0.0548,0.0548,3703635.0
3425,2007-11-21,81.1847,38.849,12.2416,8.4091,5.3003,0.0518,0.0518,3916575.0
3426,2007-11-20,78.6152,37.6194,11.8541,8.1429,5.1325,0.0535,0.0535,3792613.5
3427,2007-11-19,74.1382,35.477,11.179,7.6792,4.8402,0.0567,0.0567,3576631.5
3428,2007-11-15,72.8298,34.8509,10.9817,7.5437,4.7548,0.0577,0.0577,3513510.0
3429,2007-11-14,73.3027,35.0772,11.0531,7.5926,4.7857,0.0573,0.0573,3536325.0
3430,2007-11-13,71.1115,34.0287,10.7227,7.3657,4.6426,0.0591,0.0591,3430615.5
3431,2007-11-12,72.5303,34.7076,10.9366,7.5126,4.7353,0.058,0.058,3499060.5
3432,2007-11-09,75.825,36.2842,11.4334,7.8539,4.9504,0.0554,0.0554,3658005.0
3433,2007-11-08,77.4329,37.0536,11.6758,8.0204,5.0553,0.0543,0.0543,3735576.0
3434,2007-11-07,80.7118,38.6227,12.1702,8.3601,5.2694,0.0521,0.0521,3893760.0
3435,2007-11-06,78.2369,37.4383,11.7971,8.1037,5.1078,0.0537,0.0537,3774361.5
3436,2007-11-05,78.9463,37.7778,11.904,8.1772,5.1541,0.0532,0.0532,3808584.0
3437,2007-11-02,81.9729,39.2261,12.3604,8.4907,5.3517,0.0513,0.0513,3954600.0
3438,2007-11-01,86.7022,41.4892,13.0735,8.9805,5.6605,0.0485,0.0485,4182750.0
3439,2007-10-31,87.7268,41.9795,13.228,9.0867,5.7274,0.0479,0.0479,4232182.5
3440,2007-10-30,88.2786,42.2435,13.3112,9.1438,5.7634,0.0476,0.0476,4258800.0
3441,2007-10-29,84.2587,40.32,12.7051,8.7275,5.501,0.0499,0.0499,4064872.5
3442,2007-10-26,84.3533,40.3652,12.7193,8.7373,5.5072,0.0498,0.0498,4069435.5
3443,2007-10-25,85.1415,40.7424,12.8382,8.8189,5.5586,0.0494,0.0494,4107460.5
3444,2007-10-24,88.7515,42.4699,13.3825,9.1928,5.7943,0.0474,0.0474,4281615.0
3445,2007-10-23,85.914,41.112,12.9547,8.8989,5.609,0.0489,0.0489,4144725.0
3446,2007-10-22,84.1799,54.7179,14.4583,8.7193,6.8901,0.0499,0.0499,4061070.0
3447,2007-10-19,84.9681,55.2302,14.5937,8.8009,6.9546,0.0495,0.0495,4099095.0
3448,2007-10-18,83.8331,54.4924,14.3987,8.6834,6.8617,0.0501,0.0501,4044339.0
3449,2007-10-17,88.9879,57.8431,15.2841,9.2173,7.2836,0.0472,0.0472,4293022.5
3450,2007-10-16,92.2353,59.954,15.8418,9.5537,7.5494,0.0456,0.0456,4449685.5
3451,2007-10-15,90.6432,58.9191,15.5684,9.3888,7.4191,0.0464,0.0464,4372875.0
3452,2007-10-12,84.9208,55.1995,14.5855,8.796,6.9508,0.0495,0.0495,4096813.5
3453,2007-10-11,84.6528,55.0253,14.5395,8.7683,6.9288,0.0497,0.0497,4083885.0
3454,2007-10-10,82.1936,53.4268,14.1171,8.5136,6.7275,0.0511,0.0511,3965247.0
3455,2007-10-09,78.7256,51.1725,13.5215,8.1543,6.4437,0.0534,0.0534,3797937.0
3456,2007-10-08,71.5687,46.5204,12.2923,7.413,5.8579,0.0587,0.0587,3452670.0
3457,2007-09-28,68.8257,44.7375,11.8211,7.1289,5.6334,0.0611,0.0611,3320343.0
3458,2007-09-27,68.211,44.3379,11.7155,7.0652,5.5831,0.0616,0.0616,3290683.5
3459,2007-09-26,67.7853,44.0612,11.6424,7.0212,5.5482,0.062,0.062,3270150.0
3460,2007-09-25,69.0464,44.881,11.859,7.1518,5.6514,0.0609,0.0609,3330990.0
3461,2007-09-24,69.3775,45.0961,11.9159,7.1861,5.6785,0.0606,0.0606,3346960.5
3462,2007-09-21,72.6564,47.2275,12.4791,7.5257,5.9469,0.0579,0.0579,3505144.5
3463,2007-09-20,72.4357,47.084,12.4412,7.5028,5.9288,0.058,0.058,3494497.5
3464,2007-09-19,66.6503,43.3234,11.4475,6.9036,5.4553,0.0631,0.0631,3215394.0
3465,2007-09-18,67.47,43.8563,11.5883,6.9885,5.5224,0.0623,0.0623,3254940.0
3466,2007-09-17,69.078,44.9014,11.8645,7.155,5.654,0.0609,0.0609,3332511.0
3467,2007-09-14,69.2829,45.0347,11.8997,7.1763,5.6708,0.0607,0.0607,3342397.5
3468,2007-09-13,66.8395,43.4464,11.48,6.9232,5.4708,0.0629,0.0629,3224520.0
3469,2007-09-12,66.8395,43.4464,11.48,6.9232,5.4708,0.0629,0.0629,3224520.0
3470,2007-09-11,66.4611,43.2005,11.415,6.884,5.4398,0.0633,0.0633,3206268.0
3471,2007-09-10,71.411,46.418,12.2652,7.3967,5.845,0.0589,0.0589,3445065.0
3472,2007-09-07,71.2534,46.3155,12.2381,7.3804,5.8321,0.059,0.059,3437460.0
3473,2007-09-06,72.9875,47.4427,12.5359,7.56,5.974,0.0576,0.0576,3521115.0
3474,2007-09-05,73.7757,47.955,12.6713,7.6416,6.0385,0.057,0.057,3559140.0
3475,2007-09-04,74.2328,48.2521,12.7498,7.689,6.0759,0.0566,0.0566,3581194.5
3476,2007-08-31,74.2486,48.2624,12.7525,7.6906,6.0772,0.0566,0.0566,3581955.0
3477,2007-08-30,75.1944,48.8772,12.915,7.7886,6.1546,0.0559,0.0559,3627585.0
3478,2007-08-29,73.7757,47.955,12.6713,7.6416,6.0385,0.057,0.057,3559140.0
3479,2007-08-28,73.555,47.8115,12.6334,7.6188,6.0205,0.0572,0.0572,3548493.0
3480,2007-08-27,72.9875,47.4427,12.5359,7.56,5.974,0.0576,0.0576,3521115.0
3481,2007-08-24,70.7174,45.9671,12.146,7.3249,5.7882,0.0594,0.0594,3411603.0
3482,2007-08-23,69.5824,45.2293,11.9511,7.2073,5.6953,0.0604,0.0604,3356847.0
3483,2007-08-22,69.2356,45.0039,11.8915,7.1714,5.6669,0.0607,0.0607,3340116.0
3484,2007-08-21,67.9745,44.1842,11.6749,7.0407,5.5637,0.0618,0.0618,3279276.0
3485,2007-08-20,66.6818,43.3439,11.4529,6.9069,5.4579,0.063,0.063,3216915.0
3486,2007-08-17,64.601,41.9914,11.0955,6.6913,5.2876,0.0651,0.0651,3116529.0
3487,2007-08-16,68.0691,44.4484,11.6912,7.0505,5.5503,0.0618,0.0618,3283839.0
3488,2007-08-15,66.9183,43.6969,11.4935,6.9313,5.4565,0.0628,0.0628,3228322.5
3489,2007-08-14,67.8799,44.3248,11.6587,7.031,5.5349,0.0619,0.0619,3274713.0
3490,2007-08-13,66.9971,43.7484,11.5071,6.9395,5.4629,0.0627,0.0627,3232125.0
3491,2007-08-10,67.0759,43.7998,11.5206,6.9477,5.4694,0.0627,0.0627,3235927.5
3492,2007-08-09,69.5982,45.4468,11.9538,7.2089,5.675,0.0604,0.0604,3357607.5
3493,2007-08-08,70.9381,46.3218,12.1839,7.3477,5.7843,0.0593,0.0593,3422250.0
3494,2007-08-07,69.2829,53.8697,13.3367,7.1763,6.6353,0.0607,0.0607,3342397.5
3495,2007-08-06,69.2829,53.8697,13.3367,7.1763,6.6353,0.0607,0.0607,3342397.5
3496,2007-08-03,68.3686,53.1588,13.1607,7.0816,6.5477,0.0615,0.0615,3298288.5
3497,2007-08-02,62.1576,48.3295,11.9651,6.4382,5.9529,0.0676,0.0676,2998651.5
3498,2007-08-01,60.8964,47.3489,11.7223,6.3076,5.8321,0.069,0.069,2937811.5
3499,2007-07-31,63.2926,49.212,12.1836,6.5558,6.0616,0.0664,0.0664,3053407.5
3500,2007-07-30,64.7902,50.3764,12.4718,6.7109,6.205,0.0649,0.0649,3125655.0
3501,2007-07-27,64.4749,50.1313,12.4111,6.6783,6.1748,0.0652,0.0652,3110445.0
3502,2007-07-26,63.0561,49.0281,12.138,6.5313,6.0389,0.0667,0.0667,3042000.0
3503,2007-07-25,61.5428,47.8515,11.8467,6.3746,5.894,0.0683,0.0683,2968992.0
3504,2007-07-24,60.455,47.0057,11.6373,6.2619,5.7898,0.0695,0.0695,2916517.5
3505,2007-07-23,61.4009,47.7411,11.8194,6.3599,5.8804,0.0685,0.0685,2962147.5
3506,2007-07-20,58.3584,45.3755,11.2338,6.0447,5.589,0.072,0.072,2815371.0
3507,2007-07-19,57.2234,44.493,11.0153,5.9272,5.4803,0.0735,0.0735,2760615.0
3508,2007-07-18,57.2234,44.493,11.0153,5.9272,5.4803,0.0735,0.0735,2760615.0
3509,2007-07-17,58.4845,45.4736,11.258,6.0578,5.6011,0.0719,0.0719,2821455.0
3510,2007-07-16,57.5387,44.7382,11.076,5.9598,5.5105,0.0731,0.0731,2775825.0
3511,2007-07-13,60.4708,47.018,11.6404,6.2635,5.7913,0.0695,0.0695,2917278.0
3512,2007-07-12,61.0068,47.4347,11.7436,6.319,5.8427,0.0689,0.0689,2943135.0
3513,2007-07-11,59.5723,46.3193,11.4674,6.1705,5.7053,0.0706,0.0706,2873929.5
3514,2007-07-10,58.5634,45.5349,11.2732,6.0659,5.6087,0.0718,0.0718,2825257.5
3515,2007-07-09,59.9033,46.5767,11.5311,6.2047,5.737,0.0702,0.0702,2889900.0
3516,2007-07-06,57.5387,44.7382,11.076,5.9598,5.5105,0.0731,0.0731,2775825.0
3517,2007-07-05,55.7889,43.3776,10.7391,5.7786,5.3429,0.0754,0.0754,2691409.5
3518,2007-07-04,60.5812,47.1038,11.6616,6.275,5.8019,0.0694,0.0694,2922601.5
3519,2007-07-03,61.2433,47.6186,11.7891,6.3435,5.8653,0.0686,0.0686,2954542.5
3520,2007-07-02,57.6963,44.8607,11.1063,5.9761,5.5256,0.0729,0.0729,2783430.0
3521,2007-06-29,60.6915,47.1896,11.6829,6.2864,5.8125,0.0693,0.0693,2927925.0
3522,2007-06-28,61.9211,48.1456,11.9196,6.4137,5.9302,0.0679,0.0679,2987244.0
3523,2007-06-27,63.4975,49.3713,12.223,6.577,6.0812,0.0662,0.0662,3063294.0
3524,2007-06-26,60.2974,46.8832,11.607,6.2456,5.7747,0.0697,0.0697,2908912.5
3525,2007-06-25,61.0226,47.447,11.7466,6.3207,5.8442,0.0689,0.0689,2943895.5
3526,2007-06-22,60.7073,47.2018,11.6859,6.288,5.814,0.0692,0.0692,2928685.5
3527,2007-06-21,59.4304,46.209,11.4401,6.1558,5.6917,0.0707,0.0707,2867085.0
3528,2007-06-20,59.7614,46.4664,11.5038,6.19,5.7234,0.0703,0.0703,2883055.5
3529,2007-06-19,61.6374,47.925,11.8649,6.3844,5.9031,0.0682,0.0682,2973555.0
3530,2007-06-18,62.7566,48.7952,12.0804,6.5003,6.0102,0.067,0.067,3027550.5
3531,2007-06-15,61.3378,47.6921,11.8073,6.3533,5.8744,0.0685,0.0685,2959105.5
3532,2007-06-14,61.8896,48.1211,11.9135,6.4105,5.9272,0.0679,0.0679,2985723.0
3533,2007-06-13,62.5201,48.6114,12.0349,6.4758,5.9876,0.0672,0.0672,3016143.0
3534,2007-06-12,64.002,49.7636,12.3201,6.6293,6.1295,0.0657,0.0657,3087630.0
3535,2007-06-11,62.4571,48.5624,12.0227,6.4693,5.9816,0.0673,0.0673,3013101.0
3536,2007-06-08,59.8403,46.5277,11.519,6.1982,5.7309,0.0702,0.0702,2886858.0
3537,2007-06-07,59.0363,45.9026,11.3642,6.1149,5.6539,0.0712,0.0712,2848072.5
3538,2007-06-06,56.3564,43.8189,10.8484,5.8374,5.3973,0.0746,0.0746,2718787.5
3539,2007-06-05,53.2194,41.3797,10.2445,5.5124,5.0969,0.079,0.079,2567448.0
3540,2007-06-04,51.6903,40.1908,9.9502,5.354,4.9504,0.0813,0.0813,2493679.5
3541,2007-06-01,53.5662,41.6494,10.3113,5.5483,5.1301,0.0785,0.0785,2584179.0
3542,2007-05-31,58.4057,45.4123,11.2429,6.0496,5.5936,0.072,0.072,2817652.5
3543,2007-05-30,54.8588,42.6545,10.5601,5.6822,5.2539,0.0766,0.0766,2646540.0
3544,2007-05-29,56.5456,43.966,10.8848,5.8569,5.4154,0.0743,0.0743,2727913.5
3545,2007-05-28,51.4223,39.9824,9.8986,5.3263,4.9247,0.0817,0.0817,2480751.0
3546,2007-05-25,50.5395,39.296,9.7286,5.2348,4.8402,0.0832,0.0832,2438163.0
3547,2007-05-24,48.5532,37.7517,9.3463,5.0291,4.65,0.0866,0.0866,2342340.0
3548,2007-05-23,50.3345,39.1367,9.6892,5.2136,4.8206,0.0835,0.167,2428276.5
3549,2007-05-22,49.8459,38.7567,9.5951,5.163,4.7738,0.0843,0.1687,2404701.0
3550,2007-05-21,50.1296,38.9774,9.6497,5.1924,4.8009,0.0839,0.1677,2418390.0
3551,2007-05-18,46.0152,35.7783,8.8577,4.7662,4.4069,0.0914,0.1827,2219899.5
3552,2007-05-17,44.4703,34.5771,8.5604,4.6062,4.259,0.0945,0.1891,2145370.5
3553,2007-05-16,42.7205,33.2166,8.2235,4.425,4.0914,0.0984,0.1968,2060955.0
3554,2007-05-15,41.2072,32.0399,7.9322,4.2682,3.9464,0.102,0.204,1987947.0
3555,2007-05-14,42.6575,33.1675,8.2114,4.4184,4.0853,0.0985,0.1971,2057913.0
3556,2007-05-11,42.4683,33.0204,8.175,4.3988,4.0672,0.099,0.198,2048787.0
3557,2007-05-10,42.2003,32.8121,8.1234,4.3711,4.0416,0.0996,0.1992,2035858.5
3558,2007-05-09,42.8782,33.3391,8.2539,4.4413,4.1065,0.098,0.1961,2068560.0
3559,2007-05-08,44.0132,34.2216,8.4724,4.5589,4.2152,0.0955,0.191,2123316.0
3560,2007-04-30,43.1461,33.5475,8.3055,4.469,4.1321,0.0974,0.1949,2081488.5
3561,2007-04-27,39.6938,39.8199,8.283,4.1115,4.1401,0.1059,0.2118,1914939.0
3562,2007-04-26,41.4279,41.5594,8.6448,4.2911,4.321,0.1015,0.2029,1998594.0
3563,2007-04-25,42.3422,42.4767,8.8356,4.3858,4.4163,0.0993,0.1986,2042703.0
3564,2007-04-24,42.7205,42.8562,8.9146,4.425,4.4558,0.0984,0.1968,2060955.0
3565,2007-04-20,43.0989,43.2357,8.9935,4.4641,4.4953,0.0975,0.1951,2079207.0
3566,2007-04-19,42.3422,42.4767,8.8356,4.3858,4.4163,0.0993,0.1986,2042703.0
3567,2007-04-18,45.8733,46.019,9.5725,4.7515,4.7846,0.0916,0.1833,2213055.0
3568,2007-04-17,44.1393,44.2795,9.2106,4.5719,4.6038,0.0952,0.1905,2129400.0
3569,2007-04-16,42.5629,42.6981,8.8817,4.4086,4.4393,0.0988,0.1975,2053350.0
3570,2007-04-13,41.5382,41.6701,8.6679,4.3025,4.3325,0.1012,0.2024,2003917.5
3571,2007-04-12,39.2367,39.3613,8.1876,4.0641,4.0924,0.1071,0.2143,1892884.5
3572,2007-04-11,35.7213,35.8347,7.454,3.7,3.7258,0.1177,0.1177,1723293.0
3573,2007-04-10,34.229,34.3377,7.1426,3.5454,3.5701,0.1228,0.1228,1651299.0
3574,2007-04-09,33.7981,33.9054,7.0527,3.5008,3.5252,0.1244,0.1244,1630512.0
3575,2007-04-06,32.2742,32.3767,6.7347,3.3429,3.3662,0.1303,0.1303,1556997.0
3576,2007-04-05,30.7399,30.8375,6.4145,3.184,3.2062,0.1368,0.1368,1482975.0
3577,2007-04-04,30.1618,30.2576,6.2939,3.1241,3.1459,0.1394,0.1394,1455090.0
3578,2007-04-03,29.195,29.2877,6.0922,3.024,3.0451,0.144,0.144,1408446.0
3579,2007-04-02,29.0689,29.1612,6.0659,3.0109,3.0319,0.1446,0.1446,1402362.0
3580,2007-03-30,27.8393,27.9277,5.8093,2.8836,2.9037,0.151,0.151,1343043.0
3581,2007-03-29,27.1141,27.2002,5.658,2.8085,2.828,0.155,0.155,1308060.0
3582,2007-03-28,27.4399,27.5271,5.7259,2.8422,2.862,0.1532,0.1532,1323777.0
3583,2007-03-27,28.2071,28.2967,5.886,2.9217,2.942,0.149,0.149,1360788.0
3584,2007-03-26,28.3437,28.4337,5.9145,2.9358,2.9563,0.1483,0.1483,1367379.0
3585,2007-03-23,27.9023,27.9909,5.8224,2.8901,2.9102,0.1507,0.1507,1346085.0
3586,2007-03-22,28.4803,28.5708,5.9431,2.95,2.9705,0.1476,0.1476,1373970.0
3587,2007-03-21,29.3421,29.4353,6.1229,3.0392,3.0604,0.1433,0.1433,1415544.0
3588,2007-03-16,29.0058,29.0979,6.0527,3.0044,3.0253,0.1449,0.1449,1399320.0
3589,2007-03-15,26.5992,26.6836,5.5505,2.7551,2.7743,0.158,0.158,1283217.0
3590,2007-03-14,26.5782,26.6626,5.5461,2.7529,2.7721,0.1582,0.1582,1282203.0
3591,2007-03-13,27.009,27.0948,5.636,2.7976,2.8171,0.1556,0.1556,1302990.0
3592,2007-03-12,27.009,27.0948,5.636,2.7976,2.8171,0.1556,0.1556,1302990.0
3593,2007-03-09,26.988,27.0737,5.6316,2.7954,2.8149,0.1558,0.1558,1301976.0
3594,2007-03-08,27.9969,28.0858,5.8422,2.8999,2.9201,0.1502,0.1502,1350648.0
3595,2007-03-07,27.9549,28.0437,5.8334,2.8955,2.9157,0.1504,0.1504,1348620.0
3596,2007-03-06,27.2823,27.3689,5.6931,2.8259,2.8456,0.1541,0.1541,1316172.0
3597,2007-03-05,26.7988,26.884,5.5922,2.7758,2.7951,0.1569,0.1569,1292850.0
3598,2007-03-02,26.2208,26.3041,5.4716,2.7159,2.7349,0.1603,0.1603,1264965.0
3599,2007-03-01,24.9072,24.9863,5.1974,2.5799,2.5978,0.1688,0.1688,1201590.0
3600,2007-02-28,26.9039,26.9894,5.6141,2.7867,2.8061,0.1563,0.1563,1297920.0
3601,2007-02-27,40.3832,27.9994,5.9965,3.8239,2.9488,0.1617,0.1617,1253811.0
3602,2007-02-26,44.8738,31.113,6.6634,4.2491,3.2767,0.1456,0.1456,1393236.0
3603,2007-02-16,47.3559,32.834,7.0319,4.4841,3.4579,0.1379,0.1379,1470300.0
3604,2007-02-15,43.1102,29.8902,6.4015,4.0821,3.1479,0.1515,0.1515,1338480.0
3605,2007-02-14,39.681,27.5126,5.8923,3.7574,2.8975,0.1646,0.1646,1232010.0
3606,2007-02-13,38.3746,26.6068,5.6983,3.6337,2.8021,0.1702,0.1702,1191450.0
3607,2007-02-12,36.905,25.5878,5.4801,3.4945,2.6948,0.177,0.177,1145820.0
3608,2007-02-09,36.0721,25.0104,5.3564,3.4157,2.634,0.1811,0.1811,1119963.0
3609,2007-02-08,36.5784,25.3614,5.4316,3.4636,2.671,0.1786,0.1786,1135680.0
3610,2007-02-07,34.9454,24.2292,5.1891,3.309,2.5517,0.1869,0.1869,1084980.0
3611,2007-02-06,33.9656,23.5499,5.0436,3.2162,2.4802,0.1923,0.1923,1054560.0
3612,2007-02-05,31.8428,22.078,4.7284,3.0152,2.3252,0.2051,0.2051,988650.0
3613,2007-02-02,32.1857,22.3158,4.7793,3.0477,2.3502,0.2029,0.2029,999297.0
3614,2007-02-01,33.6554,23.3348,4.9975,3.1868,2.4575,0.1941,0.1941,1044927.0
3615,2007-01-31,34.2759,23.765,5.0897,3.2456,2.5028,0.1906,0.1906,1064193.0
3616,2007-01-30,38.0807,26.403,5.6546,3.6059,2.7807,0.1715,0.1715,1182324.0
3617,2007-01-29,34.6188,24.0028,5.1406,3.2781,2.5279,0.1887,0.1887,1074840.0
3618,2007-01-26,35.5986,24.6821,5.2861,3.3708,2.5994,0.1835,0.1835,1105260.0
3619,2007-01-25,35.7782,24.8066,5.3127,3.3878,2.6125,0.1826,0.1826,1110837.0
3620,2007-01-24,39.2728,27.2295,5.8317,3.7187,2.8677,0.1663,0.1663,1219335.0
3621,2007-01-23,40.3178,27.9542,5.9868,3.8177,2.944,0.162,0.162,1251783.0
3622,2007-01-22,39.1584,27.1503,5.8147,3.7079,2.8594,0.1668,0.1668,1215786.0
3623,2007-01-19,35.5986,24.6821,5.2861,3.3708,2.5994,0.1835,0.1835,1105260.0
3624,2007-01-18,34.2106,23.7197,5.08,3.2394,2.4981,0.1909,0.1909,1062165.0
3625,2007-01-17,36.2844,25.1576,5.3879,3.4358,2.6495,0.18,0.18,1126554.0
3626,2007-01-16,39.3871,27.3088,5.8486,3.7296,2.8761,0.1658,0.1658,1222884.0
3627,2007-01-15,38.4073,26.6295,5.7031,3.6368,2.8045,0.1701,0.1701,1192464.0
3628,2007-01-12,35.8762,24.8746,5.3273,3.3971,2.6197,0.1821,0.1821,1113879.0
3629,2007-01-11,36.66,25.418,5.4437,3.4713,2.6769,0.1782,0.1782,1138215.0
3630,2007-01-10,37.5581,26.0407,5.5771,3.5564,2.7425,0.1739,0.1739,1166100.0
3631,2007-01-09,37.2969,25.8596,5.5383,3.5317,2.7234,0.1751,0.1751,1157988.0
3632,2007-01-08,36.5784,25.3614,5.4316,3.4636,2.671,0.1786,0.1786,1135680.0
3633,2007-01-05,37.3459,25.8935,5.5455,3.5363,2.727,0.1749,0.1749,1159509.0
3634,2007-01-04,38.0807,26.403,5.6546,3.6059,2.7807,0.1715,0.1715,1182324.0
3635,2006-12-29,36.3008,25.1689,5.3903,3.4373,2.6507,1.7994,0.1799,1127061.0
3636,2006-12-28,35.272,24.4556,5.2376,3.3399,2.5756,1.8519,0.1852,1095120.0
3637,2006-12-27,32.153,22.2931,4.7744,3.0446,2.3478,2.0315,0.2031,998283.0
3638,2006-12-26,31.4345,21.795,4.6677,2.9765,2.2954,2.0779,0.2078,975975.0
3639,2006-12-25,31.9571,22.1573,4.7453,3.026,2.3335,2.0439,0.2044,992199.0
3640,2006-12-22,30.2588,20.9798,4.4932,2.8652,2.2095,2.1587,0.2159,939471.0
3641,2006-12-21,32.1694,22.3044,4.7769,3.0461,2.349,2.0305,0.203,998790.0
3642,2006-12-20,33.5084,23.2329,4.9757,3.1729,2.4468,1.9493,0.1949,1040364.0
3643,2006-12-19,32.5776,22.5875,4.8375,3.0848,2.3788,2.005,0.2005,1011465.0
3644,2006-12-18,32.6593,22.6441,4.8496,3.0925,2.3848,2.0,0.2,1014000.0
3645,2006-12-15,31.5162,21.8516,4.6799,2.9843,2.3013,2.0725,0.2073,978510.0
3646,2006-12-14,29.1484,20.2099,4.3283,2.7601,2.1284,2.2409,0.2241,904995.0
3647,2006-12-13,29.0667,20.1533,4.3162,2.7523,2.1225,2.2472,0.2247,902460.0
3648,2006-12-12,29.9649,20.776,4.4495,2.8374,2.188,2.1798,0.218,930345.0
3649,2006-12-11,29.3607,20.3571,4.3598,2.7802,2.1439,2.2247,0.2225,911586.0
3650,2006-12-08,26.9439,18.6814,4.0009,2.5513,1.9675,2.4242,0.2424,836550.0
3651,2006-12-07,27.8094,19.2815,4.1294,2.6333,2.0307,2.3488,0.2349,863421.0
3652,2006-12-06,29.3933,20.3797,4.3646,2.7833,2.1463,2.2222,0.2222,912600.0
3653,2006-12-05,29.3117,20.3231,4.3525,2.7755,2.1404,2.2284,0.2228,910065.0
3654,2006-12-04,30.3568,21.0477,4.5077,2.8745,2.2167,2.1517,0.2152,942513.0
3655,2006-12-01,28.8218,19.9834,4.2798,2.7291,2.1046,2.2663,0.2266,894855.0
3656,2006-11-30,26.65,18.4776,3.9573,2.5235,1.946,2.451,0.2451,827424.0
3657,2006-11-29,24.7884,17.1869,3.6809,2.3472,1.8101,2.635,0.2635,769626.0
3658,2006-11-28,23.7759,16.4849,3.5305,2.2514,1.7361,2.7473,0.2747,738192.0
3659,2006-11-27,24.1515,16.7453,3.5863,2.2869,1.7636,2.7045,0.2705,749853.0
3660,2006-11-24,23.8413,16.5302,3.5402,2.2575,1.7409,2.7397,0.274,740220.0
3661,2006-11-23,23.1064,16.0207,3.4311,2.188,1.6872,2.8269,0.2827,717405.0
3662,2006-11-22,22.8615,15.8509,3.3947,2.1648,1.6694,2.8571,0.2857,709800.0
3663,2006-11-21,22.6492,15.7037,3.3632,2.1447,1.6539,2.8839,0.2884,703209.0
3664,2006-11-20,20.5917,14.2771,3.0577,1.9498,1.5036,3.1721,0.3172,639327.0
3665,2006-11-17,20.7386,14.379,3.0795,1.9637,1.5143,3.1496,0.315,643890.0
3666,2006-11-16,21.0652,14.6055,3.128,1.9947,1.5382,3.1008,0.3101,654030.0
3667,2006-11-15,20.9836,14.5488,3.1159,1.9869,1.5322,3.1128,0.3113,651495.0
3668,2006-11-14,20.1018,13.9374,2.9849,1.9034,1.4678,3.2494,0.3249,624117.0
3669,2006-11-13,19.7588,13.6997,2.934,1.871,1.4428,3.3058,0.3306,613470.0
3670,2006-11-10,20.8039,14.4243,3.0892,1.9699,1.5191,3.1397,0.314,645918.0
3671,2006-11-09,21.6694,15.0244,3.2177,2.0519,1.5823,3.0143,0.3014,672789.0
3672,2006-11-08,21.7184,15.0583,3.225,2.0565,1.5859,3.0075,0.3008,674310.0
3673,2006-11-07,21.7184,15.0583,3.225,2.0565,1.5859,3.0075,0.3008,674310.0
3674,2006-11-06,22.5186,15.6131,3.3438,2.1323,1.6443,2.9007,0.2901,699153.0
3675,2006-11-03,22.3879,15.5225,3.3244,2.1199,1.6348,2.9176,0.2918,695097.0
3676,2006-11-02,22.7798,15.7943,3.3826,2.157,1.6634,2.8674,0.2867,707265.0
3677,2006-11-01,21.3755,14.8206,3.1741,2.0241,1.5608,3.0558,0.3056,663663.0
3678,2006-10-31,21.3428,14.7979,3.1692,2.021,1.5585,3.0604,0.306,662649.0
3679,2006-10-30,21.2612,14.7413,3.1571,2.0132,1.5525,3.0722,0.3072,660114.0
3680,2006-10-27,21.8327,15.1376,3.242,2.0673,1.5942,2.9918,0.2992,677859.0
3681,2006-10-26,21.8164,15.1263,3.2395,2.0658,1.593,2.994,0.2994,677352.0
3682,2006-10-25,21.7184,15.0583,3.225,2.0565,1.5859,3.0075,0.3008,674310.0
3683,2006-10-24,21.6368,16.8608,3.4165,2.0488,1.7182,3.0189,0.3019,671775.0
3684,2006-10-23,20.7713,16.1864,3.2798,1.9668,1.6495,3.1447,0.3145,644904.0
3685,2006-10-20,21.7021,16.9117,3.4268,2.055,1.7234,3.0098,0.301,673803.0
3686,2006-10-19,21.7184,16.9244,3.4294,2.0565,1.7247,3.0075,0.3008,674310.0
3687,2006-10-18,21.4735,16.7335,3.3907,2.0333,1.7052,3.0418,0.3042,666705.0
3688,2006-10-17,21.6368,16.8608,3.4165,2.0488,1.7182,3.0189,0.3019,671775.0
3689,2006-10-16,20.657,16.0973,3.2618,1.956,1.6404,3.1621,0.3162,641355.0
3690,2006-10-13,19.8405,15.461,3.1328,1.8787,1.5756,3.2922,0.3292,616005.0
3691,2006-10-12,20.2487,15.7792,3.1973,1.9174,1.608,3.2258,0.3226,628680.0
3692,2006-10-11,21.2122,16.5299,3.3494,2.0086,1.6845,3.0793,0.3079,658593.0
3693,2006-10-10,20.9019,16.2882,3.3004,1.9792,1.6599,3.125,0.3125,648960.0
3694,2006-10-09,19.3506,15.0793,3.0555,1.8323,1.5367,3.3755,0.3376,600795.0
3695,2006-09-29,18.4361,14.3667,2.9111,1.7457,1.464,3.543,0.3543,572403.0
3696,2006-09-28,16.7542,13.056,2.6455,1.5865,1.3305,3.8986,0.3899,520182.0
3697,2006-09-27,15.8887,12.3816,2.5088,1.5045,1.2617,4.111,0.4111,493311.0
3698,2006-09-26,15.3988,11.9998,2.4315,1.4581,1.2228,4.2418,0.4242,478101.0
3699,2006-09-25,15.6764,12.2161,2.4753,1.4844,1.2449,4.1667,0.4167,486720.0
3700,2006-09-22,15.9051,12.3943,2.5114,1.5061,1.263,4.1068,0.4107,493818.0
3701,2006-09-21,16.346,12.7379,2.581,1.5478,1.2981,3.996,0.3996,507507.0
3702,2006-09-20,16.4113,12.7888,2.5914,1.554,1.3032,3.9801,0.398,509535.0
3703,2006-09-19,16.5093,12.8651,2.6068,1.5633,1.311,3.9565,0.3956,512577.0
3704,2006-09-18,16.5419,12.8906,2.612,1.5664,1.3136,3.9487,0.3949,513591.0
3705,2006-09-15,16.2316,12.6488,2.563,1.537,1.289,4.0241,0.4024,503958.0
3706,2006-09-14,16.1337,12.5724,2.5475,1.5277,1.2812,4.0486,0.4049,500916.0
3707,2006-09-13,16.5746,12.916,2.6171,1.5695,1.3162,3.9409,0.3941,514605.0
3708,2006-09-12,16.7379,13.0433,2.6429,1.5849,1.3292,3.9024,0.3902,519675.0
3709,2006-09-11,16.2806,12.687,2.5707,1.5416,1.2929,4.012,0.4012,505479.0
3710,2006-09-08,16.4929,12.8524,2.6043,1.5617,1.3097,3.9604,0.396,512070.0
3711,2006-09-07,16.5909,12.9287,2.6197,1.571,1.3175,3.937,0.3937,515112.0
3712,2006-09-06,16.4929,12.8524,2.6043,1.5617,1.3097,3.9604,0.396,512070.0
3713,2006-09-05,16.9175,13.1832,2.6713,1.6019,1.3434,3.861,0.3861,525252.0
3714,2006-09-04,17.4727,13.6159,2.759,1.6545,1.3875,3.7383,0.3738,542490.0
3715,2006-09-01,17.3421,13.5141,2.7383,1.6421,1.3772,3.7665,0.3766,538434.0
3716,2006-08-31,17.3584,13.5268,2.7409,1.6437,1.3785,3.7629,0.3763,538941.0
3717,2006-08-30,16.6725,12.9924,2.6326,1.5787,1.324,3.9177,0.3918,517647.0
3718,2006-08-29,16.4113,12.7888,2.5914,1.554,1.3032,3.9801,0.398,509535.0
3719,2006-08-28,16.5582,12.9033,2.6146,1.5679,1.3149,3.9448,0.3945,514098.0
3720,2006-08-25,15.7254,12.2543,2.4831,1.489,1.2488,4.1537,0.4154,488241.0
3721,2006-08-24,15.6764,12.1894,2.4742,1.4844,1.2449,4.1667,0.4167,486720.0
3722,2006-08-23,15.5948,12.1259,2.4613,1.4767,1.2384,4.1885,0.4188,484185.0
3723,2006-08-22,15.7418,12.2402,2.4845,1.4906,1.2501,4.1494,0.4149,488748.0
3724,2006-08-21,15.0233,11.6815,2.3711,1.4226,1.193,4.3478,0.4348,466440.0
3725,2006-08-18,15.4152,11.9862,2.433,1.4597,1.2241,4.2373,0.4237,478608.0
3726,2006-08-17,15.3988,11.9735,2.4304,1.4581,1.2228,4.2418,0.4242,478101.0
3727,2006-08-16,15.3825,11.9608,2.4278,1.4566,1.2215,4.2463,0.4246,477594.0
3728,2006-08-15,14.7783,11.491,2.3325,1.3994,1.1736,4.4199,0.442,458835.0
3729,2006-08-14,14.2231,11.0593,2.2448,1.3468,1.1295,4.5924,0.4592,441597.0
3730,2006-08-11,14.8436,11.5418,2.3428,1.4055,1.1788,4.4004,0.44,460863.0
3731,2006-08-10,14.6803,11.4148,2.317,1.3901,1.1658,4.4494,0.4449,455793.0
3732,2006-08-09,14.2068,11.0466,2.2423,1.3452,1.1282,4.5977,0.4598,441090.0
3733,2006-08-08,14.4844,11.2625,2.2861,1.3715,1.1502,4.5096,0.451,449709.0
3734,2006-08-07,13.8802,10.7927,2.1907,1.3143,1.1022,4.7059,0.4706,430950.0
3735,2006-08-04,14.9906,11.6561,2.366,1.4195,1.1904,4.3573,0.4357,465426.0
3736,2006-08-03,16.3786,12.7354,2.5851,1.5509,1.3006,3.988,0.3988,508521.0
3737,2006-08-02,16.8195,13.0782,2.6546,1.5926,1.3357,3.8835,0.3883,522210.0
3738,2006-08-01,16.7379,16.6677,2.9139,1.5849,1.5008,3.9024,0.3902,519675.0
3739,2006-07-31,16.0357,15.9685,2.7917,1.5184,1.4378,4.0733,0.4073,497874.0
3740,2006-07-28,16.3133,16.2449,2.84,1.5447,1.4627,4.004,0.4004,506493.0
3741,2006-07-27,16.6725,16.6027,2.9025,1.5787,1.4949,3.9177,0.3918,517647.0
3742,2006-07-26,17.685,17.6109,3.0788,1.6746,1.5857,3.6934,0.3693,549081.0
3743,2006-07-25,18.1259,18.0499,3.1556,1.7163,1.6252,3.6036,0.3604,562770.0
3744,2006-07-24,17.7176,17.6434,3.0845,1.6777,1.5886,3.6866,0.3687,550095.0
3745,2006-07-21,17.9463,17.871,3.1243,1.6993,1.6091,3.6397,0.364,557193.0
3746,2006-07-20,18.2075,18.1312,3.1698,1.7241,1.6326,3.5874,0.3587,565305.0
3747,2006-07-19,17.9626,17.8873,3.1271,1.7009,1.6106,3.6364,0.3636,557700.0
3748,2006-07-18,19.7099,19.6272,3.4313,1.8663,1.7673,3.314,0.3314,611949.0
3749,2006-07-14,19.4649,19.3833,3.3887,1.8431,1.7453,3.3557,0.3356,604344.0
3750,2006-05-26,22.6329,22.538,3.9402,2.1431,2.0294,8.658,0.8658,702702.0
3751,2006-05-25,22.6655,22.5705,3.9459,2.1462,2.0323,8.6455,0.8646,703716.0
3752,2006-05-24,22.0777,21.9851,3.8435,2.0905,1.9796,8.8757,9.7633,685464.0
3753,2006-05-23,23.2371,23.1397,3.9999,2.2003,2.0835,8.4329,8.4329,721461.0
3754,2006-05-22,23.1228,23.0258,3.9802,2.1895,2.0733,8.4746,8.4746,717912.0
3755,2006-05-19,21.0162,20.9281,3.6176,1.99,1.8844,9.324,9.324,652509.0
3756,2006-04-28,19.1057,19.0256,3.2887,1.8091,1.7131,10.2564,10.2564,593190.0
3757,2006-04-27,18.7301,18.6516,3.2241,1.7736,1.6794,10.4621,10.4621,581529.0
3758,2006-04-26,18.2729,18.2729,3.2761,1.7303,1.7303,10.7239,10.7239,567333.0
3759,2006-04-25,17.587,17.587,3.1531,1.6653,1.6653,11.1421,11.1421,546039.0
3760,2006-04-24,18.0442,18.0442,3.2351,1.7086,1.7086,10.8597,10.8597,560235.0
3761,2006-04-21,18.5178,18.5178,3.32,1.7535,1.7535,10.582,10.582,574938.0
3762,2006-04-20,18.1585,18.1585,3.2556,1.7194,1.7194,10.7914,10.7914,563784.0
3763,2006-04-19,16.9991,16.9991,3.0477,1.6097,1.6097,11.5274,11.5274,527787.0
3764,2006-04-18,16.3623,16.3623,2.9335,1.5493,1.5493,11.976,11.976,508014.0
3765,2006-04-17,17.6033,17.6033,3.156,1.6669,1.6669,11.1317,11.1317,546546.0
3766,2006-04-14,13.6665,18.5674,3.1526,1.5478,1.6316,11.6279,11.6279,523224.0
3767,2006-04-13,12.5938,17.1101,2.9051,1.4263,1.5035,12.6183,12.6183,482157.0
3768,2006-04-12,13.2295,17.9737,3.0517,1.4983,1.5794,12.012,12.012,506493.0
3769,2006-04-11,13.6797,18.5854,3.1556,1.5493,1.6332,11.6167,11.6167,523731.0
3770,2006-04-10,14.3948,19.557,3.3206,1.6303,1.7186,11.0396,11.0396,551109.0
3771,2006-04-07,14.4213,19.5929,3.3267,1.6333,1.7217,11.0193,11.0193,552123.0
3772,2006-04-06,14.3021,19.431,3.2992,1.6198,1.7075,11.1111,11.1111,547560.0
3773,2006-04-04,13.9578,18.9632,3.2198,1.5808,1.6664,11.3852,11.3852,534378.0
3774,2006-04-03,13.097,17.7938,3.0212,1.4833,1.5636,12.1335,12.1335,501423.0
3775,2006-03-31,12.4879,16.9662,2.8807,1.4143,1.4909,12.7253,12.7253,478101.0
3776,2006-03-30,12.17,16.5344,2.8074,1.3783,1.4529,13.0577,13.0577,465933.0
3777,2006-03-29,12.1303,16.4804,2.7982,1.3738,1.4482,13.1004,13.1004,464412.0
3778,2006-03-28,11.9449,16.2285,2.7554,1.3528,1.4261,13.3038,13.3038,457314.0
3779,2006-03-27,12.0773,16.4084,2.786,1.3678,1.4419,13.1579,13.1579,462384.0
3780,2006-03-24,11.6536,15.8327,2.6882,1.3198,1.3913,13.6364,13.6364,446160.0
3781,2006-03-23,10.9252,14.8431,2.5202,1.2373,1.3043,14.5455,14.5455,418275.0
3782,2006-03-22,10.8458,14.7352,2.5019,1.2283,1.2948,14.652,14.652,415233.0
3783,2006-03-21,10.0247,13.6197,2.3125,1.1353,1.1968,15.852,15.852,383799.0
3784,2006-03-20,10.0512,13.6557,2.3186,1.1383,1.2,15.8103,15.8103,384813.0
3785,2006-03-17,10.0512,13.6557,2.3186,1.1383,1.2,15.8103,15.8103,384813.0
3786,2006-03-16,10.038,13.6377,2.3155,1.1368,1.1984,15.8311,15.8311,384306.0
3787,2006-03-15,9.932,13.4938,2.2911,1.1248,1.1858,16.0,16.0,380250.0
3788,2006-03-14,9.4685,12.8641,2.1842,1.0724,1.1304,16.7832,16.7832,362505.0
3789,2006-03-13,9.5612,12.99,2.2056,1.0829,1.1415,16.6205,16.6205,366054.0
3790,2006-03-10,9.2699,12.5942,2.1384,1.0499,1.1067,17.1429,17.1429,354900.0
3791,2006-03-09,9.111,12.3783,2.1017,1.0319,1.0877,17.4419,17.4419,348816.0
3792,2006-03-08,9.0448,12.2883,2.0864,1.0244,1.0798,17.5695,17.5695,346281.0
3793,2006-03-07,8.9786,12.1984,2.0712,1.0169,1.0719,17.6991,17.6991,343746.0
3794,2006-03-06,9.2434,12.5582,2.1323,1.0469,1.1035,17.192,17.192,353886.0
3795,2006-03-03,9.3493,12.7021,2.1567,1.0589,1.1162,16.9972,16.9972,357942.0
3796,2006-03-02,9.495,12.9,2.1903,1.0754,1.1336,16.7364,16.7364,363519.0
3797,2006-03-01,9.7334,13.2239,2.2453,1.1024,1.162,16.3265,16.3265,372645.0
3798,2006-02-28,9.5877,13.026,2.2117,1.0859,1.1446,16.5746,16.5746,367068.0
3799,2006-02-27,9.4288,12.8101,2.175,1.0679,1.1257,16.8539,16.8539,360984.0
3800,2006-02-23,9.0845,12.3423,2.0956,1.0289,1.0846,17.4927,17.4927,347802.0
3801,2006-02-22,9.1242,12.3963,2.1048,1.0334,1.0893,17.4165,17.4165,349323.0
3802,2006-02-21,9.2169,12.5222,2.1261,1.0439,1.1004,17.2414,17.2414,352872.0
3803,2006-02-20,9.1375,12.4143,2.1078,1.0349,1.0909,17.3913,17.3913,349830.0
3804,2006-02-17,9.2964,12.6302,2.1445,1.0529,1.1099,17.094,17.094,355914.0
3805,2006-02-16,9.5347,12.954,2.1995,1.0799,1.1383,16.6667,16.6667,365040.0
3806,2006-02-15,9.9055,13.4578,2.285,1.1218,1.1826,16.0428,16.0428,379236.0
3807,2006-02-14,10.0909,13.7097,2.3278,1.1428,1.2047,15.748,15.748,386334.0
3808,2006-02-13,9.8128,13.3318,2.2636,1.1114,1.1715,16.1943,16.1943,375687.0
3809,2006-02-10,9.4553,12.8461,2.1811,1.0709,1.1288,16.8067,16.8067,361998.0
3810,2006-02-09,9.3361,12.6841,2.1536,1.0574,1.1146,17.0213,17.0213,357435.0
3811,2006-02-08,9.7069,13.1879,2.2392,1.0994,1.1589,16.3711,16.3711,371631.0
3812,2006-02-07,9.9055,13.4578,2.285,1.1218,1.1826,16.0428,16.0428,379236.0
3813,2006-02-06,9.6142,13.062,2.2178,1.0889,1.1478,16.5289,16.5289,368082.0
3814,2006-01-25,9.6142,13.062,2.2178,1.0889,1.1478,16.5289,16.5289,368082.0
3815,2006-01-24,9.5877,13.026,2.2117,1.0859,1.1446,16.5746,16.5746,367068.0
3816,2006-01-23,9.8128,13.3318,2.2636,1.1114,1.1715,16.1943,16.1943,375687.0
3817,2006-01-20,9.3758,12.7381,2.1628,1.0619,1.1194,16.9492,16.9492,358956.0
3818,2006-01-19,9.111,12.3783,2.1017,1.0319,1.0877,17.4419,17.4419,348816.0
3819,2006-01-18,9.0845,12.3423,2.0956,1.0289,1.0846,17.4927,17.4927,347802.0
3820,2006-01-17,8.7799,11.9285,2.0253,0.9944,1.0482,18.0995,18.0995,336141.0
3821,2006-01-16,9.005,12.2343,2.0773,1.0199,1.0751,17.6471,17.6471,344760.0
3822,2006-01-13,9.2964,12.6302,2.1445,1.0529,1.1099,17.094,17.094,355914.0
3823,2006-01-12,9.058,12.3063,2.0895,1.0259,1.0814,17.5439,17.5439,346788.0
3824,2006-01-11,8.9786,12.1984,2.0712,1.0169,1.0719,17.6991,17.6991,343746.0
3825,2006-01-10,9.1242,12.3963,2.1048,1.0334,1.0893,17.4165,17.4165,349323.0
3826,2006-01-09,9.2302,12.5402,2.1292,1.0454,1.102,17.2166,17.2166,353379.0
3827,2006-01-06,9.2037,12.5042,2.1231,1.0424,1.0988,17.2662,17.2662,352365.0
3828,2006-01-05,9.0448,12.2883,2.0864,1.0244,1.0798,17.5695,17.5695,346281.0
3829,2006-01-04,8.7932,11.9465,2.0284,0.9959,1.0498,18.0723,18.0723,336648.0
3830,2005-12-30,8.4886,11.5327,1.9581,0.9614,1.0134,0.9,18.7207,324987.0
3831,2005-12-29,8.5151,11.5687,1.9642,0.9644,1.0166,0.8972,18.6625,326001.0
3832,2005-12-28,8.3959,11.4067,1.9367,0.9509,1.0024,0.91,18.9274,321438.0
3833,2005-12-27,8.4621,11.4967,1.952,0.9584,1.0103,0.9029,18.7793,323973.0
3834,2005-12-26,8.4224,11.4427,1.9429,0.9539,1.0055,0.9071,18.8679,322452.0
3835,2005-12-23,8.1707,11.1009,1.8848,0.9254,0.9755,0.935,19.4489,312819.0
3836,2005-12-21,8.131,11.0469,1.8756,0.9209,0.9707,0.9396,19.544,311298.0
3837,2005-12-20,8.2899,11.2628,1.9123,0.9389,0.9897,0.9216,19.1693,317382.0
3838,2005-12-19,8.2899,11.2628,1.9123,0.9389,0.9897,0.9216,19.1693,317382.0
3839,2005-12-16,8.3561,11.3528,1.9276,0.9464,0.9976,0.9143,19.0174,319917.0
3840,2005-12-15,8.131,11.0469,1.8756,0.9209,0.9707,0.9396,19.544,311298.0
3841,2005-12-14,8.1443,11.0649,1.8787,0.9224,0.9723,0.9381,19.5122,311805.0
3842,2005-12-13,7.9456,10.795,1.8329,0.8999,0.9486,0.9615,20.0,304200.0
3843,2005-12-12,7.8264,10.6331,1.8054,0.8864,0.9344,0.9762,20.3046,299637.0
3844,2005-12-09,7.9324,10.777,1.8298,0.8984,0.947,0.9631,20.0334,303693.0
3845,2005-12-08,7.6146,10.3452,1.7565,0.8624,0.9091,1.0033,20.8696,291525.0
3846,2005-12-07,7.5616,10.2733,1.7443,0.8564,0.9028,1.0104,21.0158,289497.0
3847,2005-12-06,7.3232,9.9494,1.6893,0.8294,0.8743,1.0433,21.6998,280371.0
3848,2005-12-05,7.2835,9.8954,1.6801,0.8249,0.8696,1.049,21.8182,278850.0
3849,2005-12-02,7.3894,10.0394,1.7046,0.8369,0.8822,1.0339,21.5054,282906.0
3850,2005-12-01,7.4159,10.0753,1.7107,0.8399,0.8854,1.0302,21.4286,283920.0
3851,2005-11-30,7.3894,10.0394,1.7046,0.8369,0.8822,1.0339,21.5054,282906.0
3852,2005-11-29,7.3894,10.0394,1.7046,0.8369,0.8822,1.0339,21.5054,282906.0
3853,2005-11-28,7.4689,10.1473,1.7229,0.8459,0.8917,1.0229,21.2766,285948.0
3854,2005-11-25,7.6278,10.3632,1.7596,0.8639,0.9107,1.0016,20.8333,292032.0
3855,2005-11-24,7.5351,10.2373,1.7382,0.8534,0.8996,1.0139,21.0896,288483.0
3856,2005-11-23,7.4292,10.0933,1.7137,0.8414,0.8869,1.0284,21.3904,284427.0
3857,2005-11-22,7.3497,9.9854,1.6954,0.8324,0.8775,1.0395,21.6216,281385.0
3858,2005-11-21,7.5616,10.2733,1.7443,0.8564,0.9028,1.0104,21.0158,289497.0
3859,2005-11-18,7.6146,10.3452,1.7565,0.8624,0.9091,1.0033,20.8696,291525.0
3860,2005-11-17,7.4689,10.1473,1.7229,0.8459,0.8917,1.0229,21.2766,285948.0
3861,2005-11-16,7.4556,10.1293,1.7199,0.8444,0.8901,1.0247,21.3144,285441.0
3862,2005-11-15,7.4159,10.0753,1.7107,0.8399,0.8854,1.0302,21.4286,283920.0
3863,2005-11-14,7.6146,10.3452,1.7565,0.8624,0.9091,1.0033,20.8696,291525.0
3864,2005-11-11,7.6808,10.4352,1.7718,0.8699,0.917,0.9947,20.6897,294060.0
3865,2005-11-10,7.5748,10.2912,1.7473,0.8579,0.9043,1.0086,20.979,290004.0
3866,2005-11-09,7.9456,10.795,1.8329,0.8999,0.9486,0.9615,20.0,304200.0
3867,2005-11-08,8.0118,10.885,1.8482,0.9074,0.9565,0.9536,19.8347,306735.0
3868,2005-11-07,7.9589,10.813,1.8359,0.9014,0.9502,0.9599,19.9667,304707.0
3869,2005-11-04,7.9853,10.849,1.842,0.9044,0.9533,0.9568,19.9005,305721.0
3870,2005-11-03,7.8,10.5971,1.7993,0.8834,0.9312,0.9795,20.3735,298623.0
3871,2005-11-02,7.9589,10.813,1.8359,0.9014,0.9502,0.9599,19.9667,304707.0
3872,2005-11-01,7.9853,10.849,1.842,0.9044,0.9533,0.9568,19.9005,305721.0
3873,2005-10-31,7.9589,10.813,1.8359,0.9014,0.9502,0.9599,19.9667,304707.0
3874,2005-10-28,7.7735,10.5611,1.7932,0.8804,0.9281,0.9828,20.4429,297609.0
3875,2005-10-27,7.694,9.9513,1.8593,0.8714,0.9006,0.993,20.654,294567.0
3876,2005-10-26,7.6675,9.917,1.8529,0.8684,0.8975,0.9964,20.7254,293553.0
3877,2005-10-25,7.9456,10.2767,1.9201,0.8999,0.9301,0.9615,20.0,304200.0
3878,2005-10-24,8.131,10.5165,1.9649,0.9209,0.9518,0.9396,19.544,311298.0
3879,2005-10-21,8.1178,10.4993,1.9617,0.9194,0.9502,0.9411,19.5759,310791.0
3880,2005-10-20,7.8132,10.1054,1.8881,0.8849,0.9146,0.9778,20.339,299130.0
3881,2005-10-19,7.7205,9.9855,1.8657,0.8744,0.9037,0.9896,20.5832,295581.0
3882,2005-10-18,7.9324,10.2596,1.9169,0.8984,0.9285,0.9631,20.0334,303693.0
3883,2005-10-17,7.8794,10.191,1.9041,0.8924,0.9223,0.9696,20.1681,301665.0
3884,2005-10-14,8.078,10.448,1.9521,0.9149,0.9456,0.9458,19.6721,309270.0
3885,2005-10-13,8.2237,10.6364,1.9873,0.9314,0.9626,0.929,19.3237,314847.0
3886,2005-10-12,8.3429,10.7905,2.0161,0.9449,0.9766,0.9158,19.0476,319410.0
3887,2005-10-11,8.3561,10.8076,2.0193,0.9464,0.9781,0.9143,19.0174,319917.0
3888,2005-10-10,8.2237,10.6364,1.9873,0.9314,0.9626,0.929,19.3237,314847.0
3889,2005-09-30,8.4886,10.9789,2.0513,0.9614,0.9936,0.9,18.7207,324987.0
3890,2005-09-29,8.4621,10.9447,2.0449,0.9584,0.9905,0.9029,18.7793,323973.0
3891,2005-09-28,8.4091,10.8762,2.0321,0.9524,0.9843,0.9085,18.8976,321945.0
3892,2005-09-27,8.3429,10.7905,2.0161,0.9449,0.9766,0.9158,19.0476,319410.0
3893,2005-09-26,8.5151,11.0132,2.0577,0.9644,0.9967,0.8972,18.6625,326001.0
3894,2005-09-23,8.4753,10.9618,2.0481,0.9599,0.9921,0.9014,18.75,324480.0
3895,2005-09-22,8.5415,11.0474,2.0641,0.9674,0.9998,0.8945,18.6047,327015.0
3896,2005-09-21,8.7137,11.2701,2.1057,0.9869,1.02,0.8768,18.2371,333606.0
3897,2005-09-20,9.0183,11.664,2.1793,1.0214,1.0556,0.8472,17.6211,345267.0
3898,2005-09-19,9.2566,11.9723,2.2369,1.0484,1.0835,0.8254,17.1674,354393.0
3899,2005-09-16,9.2037,11.9038,2.2241,1.0424,1.0773,0.8301,17.2662,352365.0
3900,2005-09-15,9.0712,11.7325,2.1921,1.0274,1.0618,0.8422,17.5182,347295.0
3901,2005-09-14,9.0712,11.7325,2.1921,1.0274,1.0618,0.8422,17.5182,347295.0
3902,2005-09-13,9.111,11.7839,2.2017,1.0319,1.0665,0.8386,17.4419,348816.0
3903,2005-09-12,8.8064,11.39,2.1281,0.9974,1.0308,0.8676,18.0451,337155.0
3904,2005-09-09,8.7402,11.3043,2.1121,0.9899,1.0231,0.8741,18.1818,334620.0
3905,2005-09-08,8.9918,11.6298,2.1729,1.0184,1.0525,0.8497,17.673,344253.0
3906,2005-09-07,9.0845,11.7497,2.1953,1.0289,1.0634,0.841,17.4927,347802.0
3907,2005-09-06,9.0315,11.6812,2.1825,1.0229,1.0572,0.8459,17.5953,345774.0
3908,2005-09-05,9.2037,11.9038,2.2241,1.0424,1.0773,0.8301,17.2662,352365.0
3909,2005-09-02,9.0712,11.7325,2.1921,1.0274,1.0618,0.8422,17.5182,347295.0
3910,2005-09-01,9.0712,11.7325,2.1921,1.0274,1.0618,0.8422,17.5182,347295.0
3911,2005-08-31,8.9653,11.5955,2.1665,1.0154,1.0494,0.8522,17.7253,343239.0
3912,2005-08-30,8.8064,11.39,2.1281,0.9974,1.0308,0.8676,18.0451,337155.0
3913,2005-08-29,8.7799,11.3557,2.1217,0.9944,1.0277,0.8702,18.0995,336141.0
3914,2005-08-26,8.9918,11.6298,2.1729,1.0184,1.0525,0.8497,17.673,344253.0
3915,2005-08-25,9.0315,11.6812,2.1825,1.0229,1.0572,0.8459,17.5953,345774.0
3916,2005-08-24,9.1242,11.8011,2.2049,1.0334,1.068,0.8373,17.4165,349323.0
3917,2005-08-23,9.0315,11.6812,2.1825,1.0229,1.0572,0.8459,17.5953,345774.0
3918,2005-08-22,9.111,11.7839,2.2017,1.0319,1.0665,0.8386,17.4419,348816.0
3919,2005-08-19,9.0977,11.7668,2.1985,1.0304,1.0649,0.8398,17.4672,348309.0
3920,2005-08-18,8.8991,11.5099,2.1505,1.0079,1.0417,0.8585,17.8571,340704.0
3921,2005-08-17,9.4818,12.2635,2.2913,1.0739,1.1099,0.8058,16.7598,363012.0
3922,2005-08-16,9.4685,12.2464,2.2881,1.0724,1.1083,0.8069,16.7832,362505.0
3923,2005-08-15,9.6539,12.4862,2.3329,1.0934,1.13,0.7914,16.4609,369603.0
3924,2005-08-12,9.2964,12.0237,2.2465,1.0529,1.0882,0.8218,17.094,355914.0
3925,2005-08-11,9.0183,11.664,2.1793,1.0214,1.0556,0.8472,17.6211,345267.0
3926,2005-08-10,8.7799,11.3557,2.1217,0.9944,1.0277,0.8702,18.0995,336141.0
3927,2005-08-09,8.7932,11.3729,2.1249,0.9959,1.0293,0.8689,18.0723,336648.0
3928,2005-08-08,8.7269,11.2872,2.1089,0.9884,1.0215,0.8755,18.2094,334113.0
3929,2005-08-05,8.5283,11.0303,2.0609,0.9659,0.9983,0.8958,18.6335,326508.0
3930,2005-08-04,8.3164,10.7563,2.0097,0.9419,0.9735,0.9187,19.1083,318396.0
3931,2005-08-03,8.3694,10.8248,2.0225,0.9479,0.9797,0.9129,18.9873,320424.0
3932,2005-08-02,8.0913,10.4651,1.9553,0.9164,0.9471,0.9442,19.6399,309777.0
3933,2005-08-01,8.0118,10.3623,1.9361,0.9074,0.9378,0.9536,19.8347,306735.0
3934,2005-07-29,7.9191,8.7453,2.037,0.8969,0.9276,0.9648,20.0669,303186.0
3935,2005-07-28,7.8529,8.6722,2.02,0.8894,0.9199,0.9729,20.2361,300651.0
3936,2005-07-27,8.0118,8.8477,2.0609,0.9074,0.9385,0.9536,19.8347,306735.0
3937,2005-07-26,7.7205,8.526,1.986,0.8744,0.9044,0.9896,20.5832,295581.0
3938,2005-07-25,7.4556,8.2335,1.9178,0.8444,0.8733,1.0247,21.3144,285441.0
3939,2005-07-22,7.5881,8.3797,1.9519,0.8594,0.8888,1.0068,20.9424,290511.0
3940,2005-07-21,7.4954,8.2774,1.928,0.8489,0.878,1.0193,21.2014,286962.0
3941,2005-07-20,7.5748,8.3651,1.9485,0.8579,0.8873,1.0086,20.979,290004.0
3942,2005-07-19,7.4954,8.2774,1.928,0.8489,0.878,1.0193,21.2014,286962.0
3943,2005-07-18,7.3894,8.1604,1.9008,0.8369,0.8656,1.0339,21.5054,282906.0
3944,2005-07-15,7.3894,8.1604,1.9008,0.8369,0.8656,1.0339,21.5054,282906.0
3945,2005-07-14,7.7602,8.5699,1.9962,0.8789,0.909,0.9845,20.4778,297102.0
3946,2005-07-13,7.7735,8.5845,1.9996,0.8804,0.9106,0.9828,20.4429,297609.0
3947,2005-07-12,7.6543,8.4529,1.9689,0.8669,0.8966,0.9981,20.7612,293046.0
3948,2005-07-11,7.4159,8.1896,1.9076,0.8399,0.8687,1.0302,21.4286,283920.0
3949,2005-07-08,7.4027,8.175,1.9042,0.8384,0.8671,1.0321,21.4669,283413.0
3950,2005-07-07,7.5351,8.3212,1.9383,0.8534,0.8826,1.0139,21.0896,288483.0
3951,2005-07-06,7.3629,8.1311,1.894,0.8339,0.8625,1.0376,21.5827,281892.0
3952,2005-07-05,7.6013,8.3944,1.9553,0.8609,0.8904,1.0051,20.9059,291018.0
3953,2005-07-04,7.6278,8.4236,1.9621,0.8639,0.8935,1.0016,20.8333,292032.0
3954,2005-07-01,7.5351,8.3212,1.9383,0.8534,0.8826,1.0139,21.0896,288483.0
3955,2005-06-30,8.1575,9.0086,2.0984,0.9239,0.9555,0.9366,19.4805,312312.0
3956,2005-06-29,8.2105,9.0671,2.112,0.9299,0.9618,0.9305,19.3548,314340.0
3957,2005-06-28,8.2899,9.1548,2.1324,0.9389,0.9711,0.9216,19.1693,317382.0
3958,2005-06-27,8.3959,9.2718,2.1597,0.9509,0.9835,0.91,18.9274,321438.0
3959,2005-06-24,8.2237,9.0817,2.1154,0.9314,0.9633,0.929,19.3237,314847.0
3960,2005-06-23,8.3297,9.1987,2.1426,0.9434,0.9757,0.9172,19.0779,318903.0
3961,2005-06-22,8.4091,9.2864,2.1631,0.9524,0.985,0.9085,18.8976,321945.0
3962,2005-06-21,8.3694,9.2426,2.1529,0.9479,0.9804,0.9129,18.9873,320424.0
3963,2005-06-20,8.4753,9.3596,2.1801,0.9599,0.9928,0.9014,18.75,324480.0
3964,2005-06-17,8.3297,9.1987,2.1426,0.9434,0.9757,0.9172,19.0779,318903.0
3965,2005-06-16,8.1972,9.0525,2.1086,0.9284,0.9602,0.932,19.3861,313833.0
3966,2005-06-15,7.747,8.5552,1.9928,0.8774,0.9075,0.9862,20.5128,296595.0
3967,2005-06-14,7.8529,8.6722,2.02,0.8894,0.9199,0.9729,20.2361,300651.0
3968,2005-06-13,7.9456,8.7746,2.0439,0.8999,0.9307,0.9615,20.0,304200.0
3969,2005-06-10,7.7602,8.5699,1.9962,0.8789,0.909,0.9845,20.4778,297102.0
3970,2005-06-09,7.8529,8.6722,2.02,0.8894,0.9199,0.9729,20.2361,300651.0
3971,2005-06-08,7.8529,8.6722,2.02,0.8894,0.9199,0.9729,20.2361,300651.0
3972,2005-06-07,7.3497,8.1165,1.8906,0.8324,0.8609,1.0395,21.6216,281385.0
3973,2005-06-06,7.3894,8.1604,1.9008,0.8369,0.8656,1.0339,21.5054,282906.0
3974,2005-06-03,7.2835,8.0434,1.8735,0.8249,0.8532,1.049,21.8182,278850.0
3975,2005-06-02,7.31,8.0726,1.8804,0.8279,0.8563,1.0452,21.7391,279864.0
3976,2005-06-01,7.2967,8.058,1.8769,0.8264,0.8547,1.047,21.7786,279357.0
3977,2005-05-31,7.4424,8.2189,1.9144,0.8429,0.8718,1.0266,21.3523,284934.0
3978,2005-05-30,7.4027,8.175,1.9042,0.8384,0.8671,1.0321,21.4669,283413.0
3979,2005-05-27,7.2438,7.9995,1.8633,0.8204,0.8485,1.0547,21.9378,277329.0
3980,2005-05-26,7.3232,8.0873,1.8838,0.8294,0.8578,1.0433,21.6998,280371.0
3981,2005-05-25,7.4954,8.2774,1.928,0.8489,0.878,1.0193,21.2014,286962.0
3982,2005-05-24,7.9456,8.7746,2.0439,0.8999,0.9307,0.9615,,304200.0
3983,2005-05-23,7.8132,8.6284,2.0098,0.8849,0.9152,0.9778,,299130.0
3984,2005-05-20,7.9986,8.8331,2.0575,0.9059,0.9369,0.9552,,306228.0
3985,2005-05-19,7.9721,8.8038,2.0507,0.9029,0.9338,0.9583,,305214.0
3986,2005-05-18,8.0383,8.877,2.0677,0.9104,0.9416,0.9504,,307749.0
3987,2005-05-17,7.6675,8.4675,1.9723,0.8684,0.8982,0.9964,,293553.0
3988,2005-05-16,7.6675,8.4675,1.9723,0.8684,0.8982,0.9964,,293553.0
3989,2005-05-13,7.8662,8.6868,2.0234,0.8909,0.9214,0.9713,,301158.0
3990,2005-05-12,7.9191,8.7453,2.037,0.8969,0.9276,0.9648,,303186.0
3991,2005-05-11,8.0913,8.9355,2.0813,0.9164,0.9478,0.9442,,309777.0
3992,2005-05-10,8.0516,8.8916,2.0711,0.9119,0.9431,0.9489,,308256.0
3993,2005-05-09,7.8,8.6137,2.0064,0.8834,0.9137,0.9795,,298623.0
3994,2005-04-29,7.9456,8.7746,2.0439,0.8999,0.9307,0.9615,,304200.0
3995,2005-04-28,8.0251,8.8623,2.0643,0.9089,0.94,0.952,,307242.0
3996,2005-04-27,7.6808,8.4821,1.9757,0.8699,0.8997,0.9947,,294060.0
3997,2005-04-26,7.5483,8.3359,1.9417,0.8549,0.8842,1.0121,,288990.0
3998,2005-04-25,7.2967,8.058,1.8769,0.8264,0.8547,1.047,,279357.0
3999,2005-04-22,7.9721,8.8038,2.0507,0.9029,0.9338,0.9583,,305214.0
4000,2005-04-21,8.1575,9.0086,2.0984,0.9239,0.9555,0.9366,,312312.0
4001,2005-04-20,8.3032,9.1695,2.1358,0.9404,0.9726,0.9201,,317889.0
4002,2005-04-19,8.237,9.0963,2.1188,0.9329,0.9649,0.9275,,315354.0
4003,2005-04-18,8.184,9.0378,2.1052,0.9269,0.9586,0.9335,,313326.0
4004,2005-04-15,8.3694,9.2426,2.1529,0.9479,0.9804,0.9129,,320424.0
4005,2005-04-14,8.8064,8.8064,2.0806,0.9974,0.9974,0.8676,,337155.0
4006,2005-04-13,8.8991,8.8991,2.1025,1.0079,1.0079,0.8585,,340704.0
4007,2005-04-12,8.4621,8.4621,1.9992,0.9584,0.9584,0.9029,,323973.0
4008,2005-04-11,8.6872,8.6872,2.0524,0.9839,0.9839,0.8795,,332592.0
4009,2005-04-08,8.7667,8.7667,2.0712,0.9929,0.9929,0.8715,,335634.0
4010,2005-04-07,8.4621,8.4621,1.9992,0.9584,0.9584,0.9029,,323973.0
4011,2005-04-06,8.3032,8.3032,1.9617,0.9404,0.9404,0.9201,,317889.0
4012,2005-04-05,8.4224,8.4224,1.9898,0.9539,0.9539,0.9071,,322452.0
4013,2005-04-04,8.4091,8.4091,1.9867,0.9524,0.9524,0.9085,,321945.0
4014,2005-04-01,8.3561,8.3561,1.9742,0.9464,0.9464,0.9143,,319917.0
4015,2005-03-31,8.0118,8.0118,1.8929,0.9074,0.9074,0.9536,,306735.0
4016,2005-03-30,8.1443,8.1443,1.9241,0.9224,0.9224,0.9381,,311805.0
4017,2005-03-29,8.4488,8.4488,1.9961,0.9569,0.9569,0.9043,,323466.0
4018,2005-03-28,8.4356,8.4356,1.993,0.9554,0.9554,0.9057,,322959.0
4019,2005-03-24,8.6607,8.6607,2.0462,0.9809,0.9809,0.8821,,331578.0
4020,2005-03-23,8.4753,8.4753,2.0024,0.9599,0.9599,0.9014,,324480.0
4021,2005-03-22,8.7269,8.7269,2.0618,0.9884,0.9884,0.8755,,334113.0
4022,2005-03-21,9.2434,9.2434,2.1838,1.0469,1.0469,0.8265,,353886.0
4023,2005-03-18,9.1772,9.1772,2.1682,1.0394,1.0394,0.8325,,351351.0
4024,2005-03-17,9.2699,9.2699,2.1901,1.0499,1.0499,0.8242,0.8242,354900.0
4025,2005-03-16,9.5347,9.5347,2.2526,1.0799,1.0799,0.8013,0.8013,365040.0
4026,2005-03-15,9.6539,9.6539,2.2808,1.0934,1.0934,0.7914,0.7914,369603.0
4027,2005-03-14,9.9453,9.9453,2.3496,1.1263,1.1263,0.7682,0.7682,380757.0
4028,2005-03-11,9.7996,9.7996,2.3152,1.1099,1.1099,0.7796,0.7796,375180.0
4029,2005-03-10,10.038,10.038,2.3715,1.1368,1.1368,0.7611,0.7611,384306.0
4030,2005-03-09,10.4485,10.4485,2.4685,1.1833,1.1833,0.7312,0.7312,400023.0
4031,2005-03-08,10.4352,10.4352,2.4654,1.1818,1.1818,0.7321,0.7321,399516.0
4032,2005-03-07,10.3028,10.3028,2.4341,1.1668,1.1668,0.7415,0.7415,394446.0
4033,2005-03-04,10.1969,10.1969,2.4091,1.1548,1.1548,0.7493,0.7493,390390.0
4034,2005-03-03,10.2101,10.2101,2.4122,1.1563,1.1563,0.7483,0.7483,390897.0
4035,2005-03-02,10.1439,10.1439,2.3966,1.1488,1.1488,0.7532,0.7532,388362.0
4036,2005-03-01,10.3161,10.3161,2.4372,1.1683,1.1683,0.7406,0.7406,394953.0
4037,2005-02-28,10.4882,10.4882,2.4779,1.1878,1.1878,0.7284,0.7284,401544.0
4038,2005-02-25,10.5412,10.5412,2.4904,1.1938,1.1938,0.7248,0.7248,403572.0
4039,2005-02-24,10.4088,10.4088,2.4591,1.1788,1.1788,0.734,0.734,398502.0
4040,2005-02-23,10.5015,10.5015,2.481,1.1893,1.1893,0.7275,0.7275,402051.0
4041,2005-02-22,10.5147,10.5147,2.4842,1.1908,1.1908,0.7266,0.7266,402558.0
4042,2005-02-21,10.3028,10.3028,2.4341,1.1668,1.1668,0.7415,0.7415,394446.0
4043,2005-02-18,10.0512,10.0512,2.3747,1.1383,1.1383,0.7601,0.7601,384813.0
4044,2005-02-17,10.3425,10.3425,2.4435,1.1713,1.1713,0.7387,0.7387,395967.0
4045,2005-02-16,10.2763,10.2763,2.4279,1.1638,1.1638,0.7435,0.7435,393432.0
4046,2005-02-04,10.0512,10.0512,2.3747,1.1383,1.1383,0.7601,0.7601,384813.0
4047,2005-02-03,9.7731,9.7731,2.309,1.1069,1.1069,0.7817,0.7817,374166.0
4048,2005-02-02,10.0909,10.0909,2.3841,1.1428,1.1428,0.7571,0.7571,386334.0
4049,2005-02-01,9.5745,9.5745,2.262,1.0844,1.0844,0.798,0.798,366561.0
4050,2005-01-31,9.5215,9.5215,2.2495,1.0784,1.0784,0.8024,0.8024,364533.0
4051,2005-01-28,9.548,9.548,2.2558,1.0814,1.0814,0.8002,0.8002,365547.0
4052,2005-01-27,9.6804,9.6804,2.2871,1.0964,1.0964,0.7892,0.7892,370617.0
4053,2005-01-26,9.8791,9.8791,2.334,1.1188,1.1188,0.7734,0.7734,378222.0
4054,2005-01-25,10.1969,10.1969,2.4091,1.1548,1.1548,0.7493,0.7493,390390.0
4055,2005-01-24,16.8519,9.4205,2.4722,3.3142,1.2876,0.7522,0.7522,388869.0
4056,2005-01-21,16.2367,9.0766,2.382,3.1932,1.2406,0.7807,0.7807,374673.0
4057,2005-01-20,15.7973,8.8309,2.3175,3.1068,1.2071,0.8024,0.8024,364533.0
4058,2005-01-19,15.9291,8.9046,2.3368,3.1327,1.2171,0.7958,0.7958,367575.0
4059,2005-01-18,16.1268,9.0151,2.3659,3.1716,1.2322,0.786,0.786,372138.0
4060,2005-01-17,15.5116,8.6712,2.2756,3.0506,1.1852,0.8172,0.8172,357942.0
4061,2005-01-14,15.7973,8.8309,2.3175,3.1068,1.2071,0.8024,0.8024,364533.0
4062,2005-01-13,16.1488,9.0274,2.3691,3.176,1.2339,0.7849,0.7849,372645.0
4063,2005-01-12,16.4344,9.1871,2.411,3.2321,1.2557,0.7713,0.7713,379236.0
4064,2005-01-11,16.0829,8.9906,2.3594,3.163,1.2289,0.7881,0.7881,371124.0
4065,2005-01-10,15.248,8.5239,2.2369,2.9988,1.1651,0.8313,0.8313,351858.0
4066,2005-01-07,15.0283,8.401,2.2047,2.9556,1.1483,0.8435,0.8435,346788.0
4067,2005-01-06,15.3359,8.573,2.2498,3.0161,1.1718,0.8265,0.8265,353886.0
4068,2005-01-05,15.8632,8.8678,2.3272,3.1198,1.2121,0.7991,0.7991,366054.0
4069,2005-01-04,15.8192,8.8432,2.3207,3.1111,1.2087,0.8013,0.8013,365040.0
4070,2004-12-31,15.973,8.9292,2.3433,3.1414,1.2205,0.0,0.7936,368589.0
4071,2004-12-30,16.6981,9.3345,2.4497,3.284,1.2759,0.0,0.7591,385320.0
4072,2004-12-29,16.8299,9.4082,2.469,3.3099,1.286,0.0,0.7532,388362.0
4073,2004-12-28,16.742,9.359,2.4561,3.2926,1.2792,0.0,0.7571,386334.0
4074,2004-12-27,16.6981,9.3345,2.4497,3.284,1.2759,0.0,0.7591,385320.0
4075,2004-12-24,16.8079,9.3959,2.4658,3.3056,1.2843,0.0,0.7541,387855.0
4076,2004-12-23,16.8739,9.4327,2.4754,3.3185,1.2893,0.0,0.7512,389376.0
4077,2004-12-22,17.3352,9.6907,2.5431,3.4093,1.3246,0.0,0.7312,400023.0
4078,2004-12-21,17.0277,9.5187,2.498,3.3488,1.3011,0.0,0.7444,392925.0
4079,2004-12-20,16.764,9.3713,2.4593,3.2969,1.2809,0.0,0.7561,386841.0
4080,2004-12-17,17.1375,9.5801,2.5141,3.3704,1.3095,0.0,0.7396,395460.0
4081,2004-12-16,17.2913,9.6661,2.5367,3.4006,1.3212,0.0,0.7331,399009.0
4082,2004-12-15,17.4451,9.7521,2.5592,3.4309,1.333,0.0,0.7266,402558.0
4083,2004-12-14,17.4231,9.7398,2.556,3.4266,1.3313,0.0,0.7275,402051.0
4084,2004-12-13,17.511,9.7889,2.5689,3.4439,1.338,0.0,0.7239,404079.0
4085,2004-12-10,17.3792,9.7152,2.5496,3.4179,1.3279,0.0,0.7294,401037.0
4086,2004-12-09,17.7747,9.9363,2.6076,3.4957,1.3582,0.0,0.7131,410163.0
4087,2004-12-08,17.4012,9.7275,2.5528,3.4222,1.3296,0.0,0.7284,401544.0
4088,2004-12-07,17.3133,9.6784,2.5399,3.405,1.3229,0.0,0.7321,399516.0
4089,2004-12-06,17.5769,9.8258,2.5786,3.4568,1.343,0.0,0.7212,405600.0
4090,2004-12-03,17.9285,10.0223,2.6302,3.526,1.3699,0.0,0.707,413712.0
4091,2004-12-02,17.8406,9.9732,2.6173,3.5087,1.3632,0.0,0.7105,411684.0
4092,2004-12-01,18.1262,10.1328,2.6592,3.5648,1.385,0.0,0.6993,418275.0
4093,2004-11-30,18.258,10.2065,2.6785,3.5908,1.3951,0.0,0.6943,421317.0
4094,2004-11-29,17.7527,9.924,2.6044,3.4914,1.3565,0.0,0.714,409656.0
4095,2004-11-26,17.7747,9.9363,2.6076,3.4957,1.3582,0.0,0.7131,410163.0
4096,2004-11-25,17.3352,9.6907,2.5431,3.4093,1.3246,0.0,0.7312,400023.0
4097,2004-11-24,17.3572,9.7029,2.5464,3.4136,1.3263,0.0,0.7303,400530.0
4098,2004-11-23,17.6868,9.8872,2.5947,3.4784,1.3514,0.0,0.7167,408135.0
4099,2004-11-22,17.8406,9.9732,2.6173,3.5087,1.3632,0.0,0.7105,411684.0
4100,2004-11-19,17.6209,9.8503,2.585,3.4655,1.3464,0.0,0.7194,406614.0
4101,2004-11-18,17.5769,9.8258,2.5786,3.4568,1.343,0.0,0.7212,405600.0
4102,2004-11-17,17.6209,9.8503,2.585,3.4655,1.3464,0.0,0.7194,406614.0
4103,2004-11-16,17.9504,10.0346,2.6334,3.5303,1.3716,0.0,0.7061,414219.0
4104,2004-11-15,17.6428,9.8626,2.5883,3.4698,1.3481,0.0,0.7185,407121.0
4105,2004-11-12,17.4231,9.7398,2.556,3.4266,1.3313,0.0,0.7275,402051.0
4106,2004-11-11,17.555,9.8135,2.5754,3.4525,1.3414,0.0,0.7221,405093.0
4107,2004-11-10,17.7966,9.9486,2.6108,3.5,1.3598,0.0,0.7123,410670.0
4108,2004-11-09,17.3133,9.6784,2.5399,3.405,1.3229,0.0,0.7321,399516.0
4109,2004-11-08,17.3133,9.6784,2.5399,3.405,1.3229,0.0,0.7321,399516.0
4110,2004-11-05,16.6541,9.3099,2.4432,3.2753,1.2725,0.0,0.7611,384306.0
4111,2004-11-04,16.6981,9.3345,2.4497,3.284,1.2759,0.0,0.7591,385320.0
4112,2004-11-03,17.1375,9.5801,2.5141,3.3704,1.3095,0.0,0.7396,395460.0
4113,2004-11-02,16.7201,9.3468,2.4529,3.2883,1.2776,0.0,0.7581,385827.0
4114,2004-11-01,17.4231,9.7398,2.556,3.4266,1.3313,0.0,0.7275,402051.0
4115,2004-10-29,17.6648,9.8749,2.5915,3.4741,1.3498,0.0,0.7176,407628.0
4116,2004-10-28,18.302,10.2311,2.685,3.5994,1.3984,0.0,0.6926,422331.0
4117,2004-10-27,18.1921,10.1697,2.6688,3.5778,1.39,0.0,0.6968,419796.0
4118,2004-10-26,17.9065,10.01,2.6269,3.5216,1.3682,0.0,0.7079,413205.0
4119,2004-10-25,18.258,10.2065,2.6785,3.5908,1.3951,0.0,0.6943,421317.0
4120,2004-10-22,18.4118,10.2925,2.7011,3.621,1.4068,0.0,0.6885,424866.0
4121,2004-10-21,19.1149,10.6855,2.8042,3.7593,1.4606,0.0,0.6631,441090.0
4122,2004-10-20,19.4884,10.8943,2.859,3.8327,1.4891,0.0,0.6504,449709.0
4123,2004-10-19,19.6422,10.9803,2.8816,3.863,1.5009,0.0,0.6453,453258.0
4124,2004-10-18,19.774,11.054,2.9009,3.8889,1.5109,0.0,0.641,456300.0
4125,2004-10-15,19.2028,11.5976,2.993,3.7766,1.7568,0.0,0.6601,443118.0
4126,2004-10-14,19.5543,11.81,3.0478,3.8457,1.789,0.0,0.6482,451230.0
4127,2004-10-13,19.071,11.518,2.9725,3.7506,1.7447,0.0,0.6647,440076.0
4128,2004-10-12,19.2907,11.6507,3.0067,3.7939,1.7648,0.0,0.6571,445146.0
4129,2004-10-11,19.9718,12.0621,3.1129,3.9278,1.8272,0.0,0.6347,460863.0
4130,2004-10-08,19.7521,11.9294,3.0786,3.8846,1.8071,0.0,0.6417,455793.0
4131,2004-09-30,19.071,11.518,2.9725,3.7506,1.7447,0.0,0.6647,440076.0
4132,2004-09-29,19.027,11.4915,2.9656,3.742,1.7407,0.0,0.6662,439062.0
4133,2004-09-28,19.3127,11.664,3.0101,3.7982,1.7669,0.0,0.6563,445653.0
4134,2004-09-24,20.3892,12.3142,3.1779,4.0099,1.8653,0.0,0.6217,470496.0
4135,2004-09-23,21.2241,12.8185,3.3081,4.1741,1.9417,0.0,0.5972,489762.0
4136,2004-09-22,19.774,11.9427,3.082,3.8889,1.8091,0.0,0.641,456300.0
4137,2004-09-21,19.5104,11.7834,3.0409,3.8371,1.7849,0.0,0.6497,450216.0
4138,2004-09-20,19.8619,11.9957,3.0957,3.9062,1.8171,0.0,0.6382,458328.0
4139,2004-09-17,19.2248,11.6109,2.9964,3.7809,1.7588,0.0,0.6593,443625.0
4140,2004-09-16,18.1262,10.9474,2.8252,3.5648,1.6583,0.0,0.6993,418275.0
4141,2004-09-15,17.9285,10.828,2.7944,3.526,1.6402,0.0,0.707,413712.0
4142,2004-09-14,17.0716,10.3105,2.6608,3.3574,1.5618,0.0,0.7425,393939.0
4143,2004-09-13,16.6761,10.0716,2.5992,3.2797,1.5256,0.0,0.7601,384813.0
4144,2004-09-10,17.511,10.5759,2.7293,3.4439,1.602,0.0,0.7239,404079.0
4145,2004-09-09,17.7747,10.7351,2.7704,3.4957,1.6261,0.0,0.7131,410163.0
4146,2004-09-08,17.9065,10.8147,2.791,3.5216,1.6382,0.0,0.7079,413205.0
4147,2004-09-07,17.6428,10.6555,2.7499,3.4698,1.6141,0.0,0.7185,407121.0
4148,2004-09-06,17.2913,10.4432,2.6951,3.4006,1.5819,0.0,0.7331,399009.0
4149,2004-09-03,17.4012,10.5095,2.7122,3.4222,1.592,0.0,0.7284,401544.0
4150,2004-09-02,17.6209,10.6422,2.7464,3.4655,1.6121,0.0,0.7194,406614.0
4151,2004-09-01,17.4671,10.5493,2.7225,3.4352,1.598,0.0,0.7257,403065.0
4152,2004-08-31,17.7307,10.7086,2.7636,3.4871,1.6221,0.0,0.7149,409149.0
4153,2004-08-30,17.7307,10.7086,2.7636,3.4871,1.6221,0.0,0.7149,409149.0
4154,2004-08-27,17.9724,10.8545,2.8012,3.5346,1.6442,0.0,0.7053,414726.0
4155,2004-08-26,18.8732,14.0308,3.2649,3.7118,2.3893,0.0,0.6716,435513.0
4156,2004-08-25,17.6209,13.0998,3.0483,3.4655,2.2308,0.0,0.7194,406614.0
4157,2004-08-24,18.1482,13.4918,3.1395,3.5692,2.2976,0.0,0.6985,418782.0
4158,2004-08-23,17.8406,13.2631,3.0863,3.5087,2.2586,0.0,0.7105,411684.0
4159,2004-08-20,17.7747,13.2141,3.0749,3.4957,2.2503,0.0,0.7131,410163.0
4160,2004-08-19,17.4451,12.9691,3.0178,3.4309,2.2085,0.0,0.7266,402558.0
4161,2004-08-18,17.9724,13.3611,3.1091,3.5346,2.2753,0.0,0.7053,414726.0
4162,2004-08-17,18.5217,13.7695,3.2041,3.6426,2.3448,0.0,0.6844,427401.0
4163,2004-08-16,19.071,14.1778,3.2991,3.7506,2.4144,0.0,0.6647,440076.0
4164,2004-08-13,19.3346,14.3738,3.3447,3.8025,2.4478,0.0,0.6556,446160.0
4165,2004-08-12,19.3566,14.3902,3.3485,3.8068,2.4505,0.0,0.6549,446667.0
4166,2004-08-11,19.6642,14.6188,3.4017,3.8673,2.4895,0.0,0.6446,453765.0
4167,2004-08-10,19.8619,14.7658,3.4359,3.9062,2.5145,0.0,0.6382,458328.0
4168,2004-08-09,19.6642,14.6188,3.4017,3.8673,2.4895,0.0,0.6446,453765.0
4169,2004-08-06,19.9938,14.8639,3.4587,3.9321,2.5312,0.0,0.634,461370.0
4170,2004-08-05,20.1915,15.0109,3.4929,3.971,2.5562,0.0,0.6278,465933.0
4171,2004-08-04,20.6309,15.3375,3.569,4.0574,2.6119,0.0,0.6144,476073.0
4172,2004-08-03,20.0597,14.9129,3.4701,3.9451,2.5396,0.0,0.6319,462891.0
4173,2004-08-02,20.7408,15.4192,3.588,4.079,2.6258,0.0,0.6111,478608.0
4174,2004-07-30,21.0044,15.6152,3.6336,4.1309,2.6592,0.0,0.6035,484692.0
4175,2004-07-29,21.312,15.8439,3.6868,4.1914,2.6981,0.0,0.5948,491790.0
4176,2004-07-28,20.9825,15.5989,3.6298,4.1266,2.6564,0.0,0.6041,484185.0
4177,2004-07-27,21.0264,15.6315,3.6374,4.1352,2.6619,0.0,0.6028,485199.0
4178,2004-07-26,21.4658,15.9582,3.7134,4.2216,2.7176,0.0,0.5905,495339.0
4179,2004-07-23,21.8393,16.2359,3.778,4.2951,2.7649,0.0,0.5804,503958.0
4180,2004-07-22,21.5098,15.9909,3.721,4.2303,2.7231,0.0,0.5893,496353.0
4181,2004-07-21,22.125,16.4482,3.8274,4.3513,2.801,0.0,0.5729,510549.0
4182,2004-07-20,22.5644,16.7749,3.9034,4.4377,2.8566,0.0,0.5618,520689.0
4183,2004-07-19,22.9159,17.0363,3.9642,4.5068,2.9012,0.0,0.5531,528801.0
4184,2004-07-16,22.5424,16.7586,3.8996,4.4334,2.8539,0.0,0.5623,520182.0
4185,2004-07-15,22.2128,16.5136,3.8426,4.3686,2.8121,0.0,0.5706,512577.0
4186,2004-07-14,21.0703,15.6642,3.645,4.1439,2.6675,0.0,0.6016,486213.0
4187,2004-07-13,21.0264,15.6315,3.6374,4.1352,2.6619,0.0,0.6028,485199.0
4188,2004-07-12,21.0484,15.6479,3.6412,4.1395,2.6647,0.0,0.6022,485706.0
4189,2004-07-09,21.312,15.8439,3.6868,4.1914,2.6981,0.0,0.5948,491790.0
4190,2004-07-08,21.5098,15.9909,3.721,4.2303,2.7231,0.0,0.5893,496353.0
4191,2004-07-07,21.5757,16.0399,3.7324,4.2432,2.7315,0.0,0.5875,497874.0
4192,2004-07-06,21.9712,16.3339,3.8008,4.321,2.7815,0.0,0.5769,507000.0
4193,2004-07-05,21.8833,16.2686,3.7856,4.3037,2.7704,0.0,0.5792,504972.0
4194,2004-07-02,21.9052,16.2849,3.7894,4.3081,2.7732,0.0,0.5787,505479.0
4195,2004-07-01,21.3999,15.9092,3.702,4.2087,2.7092,0.0,0.5923,493818.0
4196,2004-06-30,20.565,15.2885,3.5576,4.0445,2.6035,0.0,0.6164,474552.0
4197,2004-06-29,20.6529,15.3539,3.5728,4.0618,2.6147,0.0,0.6137,476580.0
4198,2004-06-28,20.2354,15.0435,3.5005,3.9797,2.5618,0.0,0.6264,466947.0
4199,2004-06-25,20.2574,15.0599,3.5043,3.984,2.5646,0.0,0.6257,467454.0
4200,2004-06-24,20.3892,15.1579,3.5272,4.0099,2.5813,0.0,0.6217,470496.0
4201,2004-06-23,20.1256,14.9619,3.4815,3.9581,2.5479,0.0,0.6298,464412.0
4202,2004-06-22,20.2135,15.0272,3.4967,3.9753,2.559,0.0,0.6271,466440.0
4203,2004-06-21,19.1808,14.2595,3.3181,3.7723,2.4283,0.0,0.6609,442611.0
4204,2004-06-18,19.2248,14.2922,3.3257,3.7809,2.4339,0.0,0.6593,443625.0
4205,2004-06-17,19.5763,14.5535,3.3865,3.85,2.4784,0.0,0.6475,451737.0
4206,2004-06-16,19.8839,14.7822,3.4397,3.9105,2.5173,0.0,0.6375,458835.0
4207,2004-06-15,19.9059,14.7985,3.4435,3.9148,2.5201,0.0,0.6368,459342.0
4208,2004-06-14,19.5324,14.5208,3.3789,3.8414,2.4728,0.0,0.649,450723.0
4209,2004-06-11,20.3014,15.0925,3.5119,3.9926,2.5702,0.0,0.6244,468468.0
4210,2004-06-10,19.9938,14.8639,3.4587,3.9321,2.5312,0.0,0.634,461370.0
4211,2004-06-09,20.3892,15.1579,3.5272,4.0099,2.5813,0.0,0.6217,470496.0
4212,2004-06-08,21.8613,16.2522,3.7818,4.2994,2.7676,0.0,0.5798,504465.0
4213,2004-06-07,22.1909,16.4972,3.8388,4.3642,2.8094,0.0,0.5712,512070.0
4214,2004-06-04,22.5424,16.7586,3.8996,4.4334,2.8539,0.0,0.5623,520182.0
4215,2004-06-03,22.103,16.4319,3.8236,4.3469,2.7982,0.0,0.5735,510042.0
4216,2004-06-02,22.6303,16.8239,3.9148,4.4507,2.865,0.0,0.5601,522210.0
4217,2004-06-01,22.85,16.9873,3.9528,4.4939,2.8928,0.0,0.5547,527280.0
4218,2004-05-31,22.3007,16.5789,3.8578,4.3858,2.8233,0.0,0.5684,514605.0
4219,2004-05-28,22.7182,16.8893,3.93,4.4679,2.8761,0.0,0.558,524238.0
4220,2004-05-27,23.1137,17.1833,3.9985,4.5457,2.9262,0.0,0.5484,533364.0
4221,2004-05-26,22.4106,16.6606,3.8768,4.4074,2.8372,0.0,0.5656,517140.0
4222,2004-05-25,21.7295,16.1542,3.759,4.2735,2.751,0.0,0.5833,501423.0
4223,2004-05-24,22.4985,16.7259,3.892,4.4247,2.8483,0.0,0.5634,519168.0
4224,2004-05-21,22.6523,16.8403,3.9186,4.455,2.8678,0.0,0.5596,522717.0
4225,2004-05-20,22.2568,16.5462,3.8502,4.3772,2.8177,0.0,0.5695,513591.0
4226,2004-05-19,22.9159,17.0363,3.9642,4.5068,2.9012,0.0,0.5531,528801.0
4227,2004-05-18,23.2455,17.2813,4.0213,4.5716,2.9429,0.0,0.5453,536406.0
4228,2004-05-17,23.7508,17.657,4.1087,4.671,3.0069,0.0,0.5337,548067.0
4229,2004-05-14,24.7615,18.4083,4.2835,4.8698,3.1348,0.0,0.5119,571389.0
4230,2004-05-13,25.3547,18.8493,4.3861,4.9865,3.2099,0.0,0.4999,585078.0
4231,2004-05-12,25.7502,19.1433,4.4546,5.0642,3.26,0.0,0.4923,594204.0
4232,2004-05-11,25.3547,18.8493,4.3861,4.9865,3.2099,0.0,0.4999,585078.0
4233,2004-05-10,25.0032,18.588,4.3253,4.9173,3.1654,0.0,0.507,576966.0
4234,2004-04-30,25.926,19.274,4.485,5.0988,3.2822,0.0,0.4889,598260.0
4235,2004-04-29,25.6184,19.0453,4.4317,5.0383,3.2433,0.0,0.4948,591162.0
4236,2004-04-28,26.2775,19.5353,4.5458,5.1679,3.3267,0.0,0.4824,606372.0
4237,2004-04-27,27.5299,20.4664,4.7624,5.4142,3.4853,0.0,0.4604,635271.0
4238,2004-04-26,27.1783,20.205,4.7016,5.3451,3.4408,0.0,0.4664,627159.0
4239,2004-04-23,26.4093,19.6334,4.5686,5.1939,3.3434,0.0,0.48,609414.0
4240,2004-04-22,26.7609,19.8947,4.6294,5.263,3.3879,0.0,0.4737,617526.0
4241,2004-04-21,26.8268,19.9437,4.6408,5.276,3.3963,0.0,0.4725,619047.0
4242,2004-04-20,26.7389,19.8784,4.6256,5.2587,3.3851,0.0,0.4741,617019.0
4243,2004-04-19,27.6617,20.5644,4.7852,5.4402,3.502,0.0,0.4582,638313.0
4244,2004-04-16,28.4527,21.1524,4.9221,5.5957,3.6021,0.0,0.4455,656565.0
4245,2004-04-15,27.9913,20.8094,4.8422,5.505,3.5437,0.0,0.4528,645918.0
4246,2004-04-14,27.9034,27.9034,5.2058,5.4877,5.4877,0.0,0.4543,643890.0
4247,2004-04-13,28.4746,28.4746,5.3124,5.6,5.6,0.0,0.4452,657072.0
4248,2004-04-12,29.3315,29.3315,5.4723,5.7686,5.7686,0.0,0.4322,676845.0
4249,2004-04-09,28.8701,28.8701,5.3862,5.6778,5.6778,0.0,0.4391,666198.0
4250,2004-04-08,29.2216,29.2216,5.4518,5.747,5.747,0.0,0.4338,674310.0
4251,2004-04-07,29.5073,29.5073,5.5051,5.8031,5.8031,0.0,0.4296,680901.0
4252,2004-04-06,29.7929,29.7929,5.5584,5.8593,5.8593,0.0,0.4255,687492.0
4253,2004-04-05,29.5292,29.5292,5.5092,5.8075,5.8075,0.0,0.4293,681408.0
4254,2004-04-02,29.0678,29.0678,5.4231,5.7167,5.7167,0.0,0.4361,670761.0
4255,2004-04-01,28.7383,28.7383,5.3616,5.6519,5.6519,0.0,0.4411,663156.0
4256,2004-03-31,27.7496,27.7496,5.1771,5.4575,5.4575,0.0,0.4568,640341.0
4257,2004-03-30,27.464,27.464,5.1239,5.4013,5.4013,0.0,0.4615,633750.0
4258,2004-03-29,27.9913,27.9913,5.2222,5.505,5.505,0.0,0.4528,645918.0
4259,2004-03-26,28.0352,28.0352,5.2304,5.5136,5.5136,0.0,0.4521,646932.0
4260,2004-03-25,28.0572,28.0572,5.2345,5.5179,5.5179,0.0,0.4518,647439.0
4261,2004-03-24,27.0904,27.0904,5.0542,5.3278,5.3278,0.0,0.4679,625131.0
4262,2004-03-23,25.7502,25.7502,4.8041,5.0642,5.0642,0.0,0.4923,594204.0
4263,2004-03-22,26.1677,26.1677,4.882,5.1463,5.1463,0.0,0.4844,603837.0
4264,2004-03-19,26.2336,26.2336,4.8943,5.1593,5.1593,0.0,0.4832,605358.0
4265,2004-03-18,25.6184,25.6184,4.7795,5.0383,5.0383,0.0,0.4948,591162.0
4266,2004-03-17,25.4527,25.4527,4.7486,5.0057,5.0057,0.0,,587340.0
4267,2004-03-16,25.8246,25.8246,4.818,5.0789,5.0789,0.0,,595920.0
4268,2004-03-15,25.0133,25.0133,4.6667,4.9193,4.9193,0.0,,577200.0
4269,2004-03-12,24.4049,24.4049,4.5531,4.7997,4.7997,0.0,,563160.0
4270,2004-03-11,24.3373,24.3373,4.5405,4.7864,4.7864,0.0,,561600.0
4271,2004-03-10,23.7289,23.7289,4.427,4.6667,4.6667,0.0,,547560.0
4272,2004-03-09,23.6105,23.6105,4.4049,4.6434,4.6434,0.0,,544830.0
4273,2004-03-05,24.1683,24.1683,4.509,4.7531,4.7531,0.0,,557700.0
4274,2004-03-04,23.6951,23.6951,4.4207,4.6601,4.6601,0.0,,546780.0
4275,2004-03-03,23.4753,23.4753,4.3797,4.6168,4.6168,0.0,,541710.0
4276,2004-03-02,23.4077,23.4077,4.3671,4.6036,4.6036,0.0,,540150.0
4277,2004-03-01,23.4922,23.4922,4.3829,4.6202,4.6202,0.0,,542100.0
4278,2004-02-27,23.4922,23.4922,4.3829,4.6202,4.6202,0.0,,542100.0
4279,2004-02-26,23.7627,23.7627,4.4333,4.6734,4.6734,0.0,,548340.0
4280,2004-02-25,23.4584,23.4584,4.3766,4.6135,4.6135,0.0,,541320.0
4281,2004-02-24,24.3035,24.3035,4.5342,4.7797,4.7797,0.0,,560820.0
4282,2004-02-23,24.2528,24.2528,4.5248,4.7697,4.7697,0.0,,559650.0
4283,2004-02-20,24.8105,24.8105,4.6288,4.8794,4.8794,0.0,,572520.0
4284,2004-02-19,24.9288,24.9288,4.6509,4.9027,4.9027,0.0,,575250.0
4285,2004-02-18,25.233,25.233,4.7076,4.9625,4.9625,0.0,,582270.0
4286,2004-02-17,25.0133,25.0133,4.6667,4.9193,4.9193,0.0,,577200.0
4287,2004-02-16,24.6246,24.6246,4.5941,4.8429,4.8429,0.0,,568230.0
4288,2004-02-13,24.1683,24.1683,4.509,4.7531,4.7531,0.0,,557700.0
4289,2004-02-12,24.5232,24.5232,4.5752,4.8229,4.8229,0.0,,565890.0
4290,2004-02-11,25.0133,25.0133,4.6667,4.9193,4.9193,0.0,,577200.0
4291,2004-02-10,25.1485,25.1485,4.6919,4.9459,4.9459,0.0,,580320.0
4292,2004-02-09,24.895,24.895,4.6446,4.8961,4.8961,0.0,,574470.0
4293,2004-02-06,37.1203,27.8192,4.8896,8.5743,5.9566,,,570570.0
4294,2004-02-05,36.6636,27.4769,4.8294,8.4688,5.8833,,,563550.0
4295,2004-02-04,37.0442,27.7621,4.8795,8.5567,5.9443,,,569400.0
4296,2004-02-03,36.5368,27.3818,4.8127,8.4395,5.8629,,,561600.0
4297,2004-02-02,36.689,27.4959,4.8327,8.4747,5.8873,,,563940.0
4298,2004-01-30,37.3994,28.0283,4.9263,8.6388,6.0013,,,574860.0
4299,2004-01-29,38.2367,28.6558,5.0366,8.8322,6.1357,,,587730.0
4300,2004-01-16,36.486,27.3438,4.806,8.4278,5.8548,,,560820.0
4301,2004-01-15,36.5368,27.3818,4.8127,8.4395,5.8629,,,561600.0
4302,2004-01-14,36.486,27.3438,4.806,8.4278,5.8548,,,560820.0
4303,2004-01-13,36.5875,27.4199,4.8194,8.4512,5.8711,,,562380.0
4304,2004-01-12,35.6995,26.7543,4.7024,8.2461,5.7286,,,548730.0
4305,2004-01-09,34.8875,26.1458,4.5954,8.0586,5.5983,,,536250.0
4306,2004-01-08,34.6084,25.9367,4.5587,7.9941,5.5535,,,531960.0
4307,2004-01-07,33.1114,24.8148,4.3615,7.6483,5.3133,,,508950.0
4308,2004-01-06,32.8831,24.6436,4.3314,7.5956,5.2766,,,505440.0
4309,2004-01-05,33.3144,24.9669,4.3882,7.6952,5.3458,,,512070.0
4310,2004-01-02,32.1473,24.0922,4.2345,7.4256,5.1585,,,494130.0
4311,2003-12-31,31.7159,23.7689,4.1777,7.326,5.0893,1.0769,,487500.0
4312,2003-12-30,32.0204,23.9971,4.2178,7.3963,5.1382,1.0667,,492180.0
4313,2003-12-29,32.4518,24.3204,4.2746,7.4959,5.2074,1.0525,,498810.0
4314,2003-12-26,32.5532,24.3964,4.288,7.5194,5.2237,1.0492,,500370.0
4315,2003-12-25,32.0204,23.9971,4.2178,7.3963,5.1382,1.0667,,492180.0
4316,2003-12-24,32.2488,24.1683,4.2479,7.449,5.1748,1.0591,,495690.0
4317,2003-12-23,31.6906,23.7499,4.1743,7.3201,5.0853,1.0778,,487110.0
4318,2003-12-19,29.9145,22.4189,3.9404,6.9098,4.8003,1.1418,,459810.0
4319,2003-12-18,29.6861,22.2477,3.9103,6.8571,4.7636,1.1506,,456300.0
4320,2003-12-17,29.8637,22.3808,3.9337,6.8981,4.7921,1.1437,,459030.0
4321,2003-12-16,29.0011,21.7343,3.8201,6.6989,4.6537,1.1777,,445770.0
4322,2003-12-15,28.9249,21.6773,3.81,6.6813,4.6415,1.1808,,444600.0
4323,2003-12-12,28.8742,21.6392,3.8034,6.6696,4.6333,1.1829,,443820.0
4324,2003-12-11,29.3055,21.9625,3.8602,6.7692,4.7025,1.1655,,450450.0
4325,2003-12-10,29.5085,22.1146,3.8869,6.8161,4.7351,1.1575,,453570.0
4326,2003-12-09,29.3817,22.0196,3.8702,6.7868,4.7148,1.1625,,451620.0
4327,2003-12-08,28.7727,21.5632,3.79,6.6461,4.617,1.1871,,442260.0
4328,2003-12-05,29.1279,21.8294,3.8368,6.7282,4.674,1.1726,,447720.0
4329,2003-12-04,29.4578,22.0766,3.8802,6.8044,4.727,1.1595,,452790.0
4330,2003-12-03,29.3055,21.9625,3.8602,6.7692,4.7025,1.1655,,450450.0
4331,2003-12-02,29.1787,21.8674,3.8435,6.7399,4.6822,1.1706,,448500.0
4332,2003-12-01,29.1533,21.8484,3.8401,6.734,4.6781,1.1716,,448110.0
4333,2003-11-28,28.2906,21.2019,3.7265,6.5348,4.5397,1.2073,,434850.0
4334,2003-11-27,27.5548,20.6505,3.6296,6.3648,4.4216,1.2396,,423540.0
4335,2003-11-26,27.8085,20.8406,3.663,6.4234,4.4623,1.2282,,427440.0
4336,2003-11-25,27.91,20.9167,3.6764,6.4468,4.4786,1.2238,,429000.0
4337,2003-11-24,26.8698,20.137,3.5393,6.2066,4.3117,1.2712,,413010.0
4338,2003-11-21,26.3877,19.7758,3.4758,6.0952,4.2343,1.2944,,405600.0
4339,2003-11-20,26.8444,20.118,3.536,6.2007,4.3076,1.2724,,412620.0
4340,2003-11-19,26.5653,19.9089,3.4992,6.1362,4.2628,1.2857,,408330.0
4341,2003-11-18,26.3623,19.7567,3.4725,6.0893,4.2303,1.2956,,405210.0
4342,2003-11-17,26.7683,20.061,3.526,6.1831,4.2954,1.276,,411450.0
4343,2003-11-14,26.5907,19.9279,3.5026,6.1421,4.2669,1.2845,,408720.0
4344,2003-11-13,26.4384,19.8138,3.4825,6.1069,4.2425,1.2919,,406380.0
4345,2003-11-12,26.3369,19.7377,3.4691,6.0835,4.2262,1.2969,,404820.0
4346,2003-11-11,26.8444,20.118,3.536,6.2007,4.3076,1.2724,,412620.0
4347,2003-11-10,26.1593,19.6046,3.4457,6.0425,4.1977,1.3057,,402090.0
4348,2003-11-07,26.1339,19.5856,3.4424,6.0366,4.1936,1.3069,,401700.0
4349,2003-11-06,26.1593,19.6046,3.4457,6.0425,4.1977,1.3057,0.5596,402090.0
4350,2003-11-05,26.4384,19.8138,3.4825,6.1069,4.2425,1.2919,0.5537,406380.0
4351,2003-11-04,26.5145,19.8708,3.4925,6.1245,4.2547,1.2882,0.5521,407550.0
4352,2003-11-03,25.9817,19.4715,3.4224,6.0014,4.1692,1.3146,0.5634,399360.0
4353,2003-10-31,25.931,19.4335,3.4157,5.9897,4.161,1.3172,0.5645,398580.0
4354,2003-10-30,25.6772,19.2433,3.3822,5.9311,4.1203,1.3302,0.5701,394680.0
4355,2003-10-29,25.728,19.2814,3.3889,5.9428,4.1285,1.3276,0.569,395460.0
4356,2003-10-28,25.6011,19.1863,3.3722,5.9135,4.1081,1.3341,0.5718,393510.0
4357,2003-10-27,25.6011,19.1863,3.3722,5.9135,4.1081,1.3341,0.5718,393510.0
4358,2003-10-24,24.7892,21.9814,3.4383,5.726,4.5872,1.3778,0.5905,381030.0
4359,2003-10-23,25.119,22.2739,3.4841,5.8022,4.6482,1.3598,0.5828,386100.0
4360,2003-10-22,25.5757,22.6789,3.5474,5.9077,4.7327,1.3355,0.5723,393120.0
4361,2003-10-21,25.2459,22.3864,3.5017,5.8315,4.6717,1.3529,0.5798,388050.0
4362,2003-10-20,25.119,22.2739,3.4841,5.8022,4.6482,1.3598,0.5828,386100.0
4363,2003-10-17,25.6772,22.7689,3.5615,5.9311,4.7515,1.3302,0.5701,394680.0
4364,2003-10-16,25.6265,22.7239,3.5544,5.9194,4.7421,1.3328,0.5712,393900.0
4365,2003-10-15,25.8041,22.8814,3.5791,5.9604,4.775,1.3237,0.5673,396630.0
4366,2003-10-14,25.8041,22.8814,3.5791,5.9604,4.775,1.3237,0.5673,396630.0
4367,2003-10-13,26.0324,23.0839,3.6108,6.0132,4.8172,1.312,0.5623,400140.0
4368,2003-10-10,26.2862,23.3089,3.6459,6.0718,4.8642,1.2994,0.5569,404040.0
4369,2003-10-09,25.7026,22.7914,3.565,5.937,4.7562,1.3289,0.5695,395070.0
4370,2003-10-08,25.728,22.8139,3.5685,5.9428,4.7609,1.3276,0.569,395460.0
4371,2003-09-30,25.9056,22.9714,3.5932,5.9838,4.7938,1.3185,0.5651,398190.0
4372,2003-09-29,26.0324,23.0839,3.6108,6.0132,4.8172,1.312,0.5623,400140.0
4373,2003-09-26,26.0071,23.0614,3.6072,6.0073,4.8125,1.3133,0.5629,399750.0
4374,2003-09-25,25.7787,22.8589,3.5756,5.9545,4.7703,1.325,0.5678,396240.0
4375,2003-09-24,25.6772,22.7689,3.5615,5.9311,4.7515,1.3302,0.5701,394680.0
4376,2003-09-22,25.6011,22.7014,3.5509,5.9135,4.7374,1.3341,0.5718,393510.0
4377,2003-09-19,25.7533,22.8364,3.572,5.9487,4.7656,1.3263,0.5684,395850.0
4378,2003-09-18,25.7026,22.7914,3.565,5.937,4.7562,1.3289,0.5695,395070.0
4379,2003-09-17,25.6265,22.7239,3.5544,5.9194,4.7421,1.3328,0.5712,393900.0
4380,2003-09-16,25.7787,22.8589,3.5756,5.9545,4.7703,1.325,0.5678,396240.0
4381,2003-09-15,25.728,22.8139,3.5685,5.9428,4.7609,1.3276,0.569,395460.0
4382,2003-09-12,25.9817,23.0389,3.6037,6.0014,4.8078,1.3146,0.5634,399360.0
4383,2003-09-11,26.0832,23.1289,3.6178,6.0249,4.8266,1.3095,0.5612,400920.0
4384,2003-09-10,25.931,22.9939,3.5967,5.9897,4.7984,1.3172,0.5645,398580.0
4385,2003-09-09,25.9056,22.9714,3.5932,5.9838,4.7938,1.3185,0.5651,398190.0
4386,2003-09-08,25.7787,22.8589,3.5756,5.9545,4.7703,1.325,0.5678,396240.0
4387,2003-09-05,26.0071,23.0614,3.6072,6.0073,4.8125,1.3133,0.5629,399750.0
4388,2003-09-04,26.5145,23.5114,3.6776,6.1245,4.9064,1.2882,0.5521,407550.0
4389,2003-09-03,26.8444,23.8038,3.7234,6.2007,4.9675,1.2724,0.5453,412620.0
4390,2003-09-02,26.5907,23.5788,3.6882,6.1421,4.9205,1.2845,0.5505,408720.0
4391,2003-09-01,26.7683,23.7363,3.7128,6.1831,4.9534,1.276,0.5468,411450.0
4392,2003-08-29,26.3877,23.3989,3.66,6.0952,4.883,1.2944,0.5547,405600.0
4393,2003-08-28,26.3877,23.3989,3.66,6.0952,4.883,1.2944,0.5547,405600.0
4394,2003-08-27,26.3877,24.906,3.9254,6.0952,5.4414,1.2944,0.5547,405600.0
4395,2003-08-26,25.7787,24.3312,3.8348,5.9545,5.3158,1.325,0.5678,396240.0
4396,2003-08-25,25.7026,24.2594,3.8235,5.937,5.3001,1.3289,0.5695,395070.0
4397,2003-08-22,26.1339,24.6665,3.8876,6.0366,5.389,1.3069,0.5601,401700.0
4398,2003-08-21,26.0578,24.5946,3.8763,6.019,5.3733,1.3108,0.5618,400530.0
4399,2003-08-20,27.1489,25.6244,4.0386,6.271,5.5983,1.2581,0.5392,417300.0
4400,2003-08-19,27.4787,25.9357,4.0877,6.3472,5.6663,1.243,0.5327,422370.0
4401,2003-08-18,27.1996,25.6723,4.0462,6.2827,5.6088,1.2557,0.5382,418080.0
4402,2003-08-15,27.2757,25.7442,4.0575,6.3003,5.6245,1.2522,0.5367,419250.0
4403,2003-08-14,27.2757,25.7442,4.0575,6.3003,5.6245,1.2522,0.5367,419250.0
4404,2003-08-13,27.5548,26.0076,4.099,6.3648,5.682,1.2396,0.5312,423540.0
4405,2003-08-12,27.6563,26.1034,4.1141,6.3882,5.703,1.235,0.5293,425100.0
4406,2003-08-11,27.4026,25.8639,4.0763,6.3296,5.6506,1.2464,0.5342,421200.0
4407,2003-08-08,27.5802,26.0315,4.1028,6.3707,5.6873,1.2384,0.5307,423930.0
4408,2003-08-07,28.0369,26.4626,4.1707,6.4762,5.7814,1.2182,0.5221,430950.0
4409,2003-08-06,28.0876,26.5105,4.1783,6.4879,5.7919,1.216,0.5212,431730.0
4410,2003-08-05,28.3921,26.7979,4.2235,6.5582,5.8547,1.203,0.5156,436410.0
4411,2003-08-04,28.6205,27.0134,4.2575,6.6109,5.9018,1.1934,0.5115,439920.0
4412,2003-08-01,28.0369,26.4626,4.1707,6.4762,5.7814,1.2182,0.5221,430950.0
4413,2003-07-31,27.7071,26.1513,4.1216,6.4,5.7134,1.2327,0.5283,425880.0
4414,2003-07-30,28.2399,26.6542,4.2009,6.523,5.8233,1.2095,0.5183,434070.0
4415,2003-07-28,28.4175,26.8218,4.2273,6.5641,5.8599,1.2019,0.5151,436800.0
4416,2003-07-25,28.2145,26.6302,4.1971,6.5172,5.8181,1.2106,0.5188,433680.0
4417,2003-07-24,28.9249,27.3008,4.3028,6.6813,5.9646,1.1808,0.5061,444600.0
4418,2003-07-23,29.5593,27.8995,4.3972,6.8278,6.0954,1.1555,0.4952,454350.0
4419,2003-07-22,29.1787,27.5403,4.3406,6.7399,6.0169,1.1706,0.5017,448500.0
4420,2003-07-21,29.1279,27.4924,4.333,6.7282,6.0064,1.1726,0.5025,447720.0
4421,2003-07-18,29.1279,27.4924,4.333,6.7282,6.0064,1.1726,0.5025,447720.0
4422,2003-07-17,28.9503,27.3247,4.3066,6.6871,5.9698,1.1798,0.5056,444990.0
4423,2003-07-16,27.6563,26.1034,4.1141,6.3882,5.703,1.235,0.5293,425100.0
4424,2003-07-15,27.6056,26.0555,4.1065,6.3765,5.6925,1.2373,0.5303,424320.0
4425,2003-07-14,27.6309,26.0794,4.1103,6.3824,5.6977,1.2361,0.5298,424710.0
4426,2003-07-11,27.8847,26.3189,4.1481,6.441,5.75,1.2249,0.525,428610.0
4427,2003-07-10,28.0623,26.4865,4.1745,6.482,5.7867,1.2171,0.5216,431340.0
4428,2003-07-09,27.5041,25.9597,4.0914,6.3531,5.6716,1.2418,0.5322,422760.0
4429,2003-07-08,27.3772,25.8399,4.0726,6.3238,5.6454,1.2476,0.5347,420810.0
4430,2003-07-07,27.0727,25.5526,4.0273,6.2534,5.5826,1.2616,0.5407,416130.0
4431,2003-07-04,27.5802,26.0315,4.1028,6.3707,5.6873,1.2384,0.5307,423930.0
4432,2003-07-03,28.0369,26.4626,4.1707,6.4762,5.7814,1.2182,0.5221,430950.0
4433,2003-07-02,28.1638,26.5823,4.1896,6.5055,5.8076,1.2128,0.5198,432900.0
4434,2003-07-01,27.5802,26.0315,4.1028,6.3707,5.6873,1.2384,0.5307,423930.0
4435,2003-06-30,27.6563,26.1034,4.1141,6.3882,5.703,1.235,0.5293,425100.0
4436,2003-06-27,27.6817,26.1273,4.1179,6.3941,5.7082,1.2339,0.5288,425490.0
4437,2003-06-26,27.6309,26.0794,4.1103,6.3824,5.6977,1.2361,0.5298,424710.0
4438,2003-06-25,27.6817,26.1273,4.1179,6.3941,5.7082,1.2339,0.5288,425490.0
4439,2003-06-24,27.91,26.3429,4.1518,6.4468,5.7553,1.2238,0.5245,429000.0
4440,2003-06-23,28.0369,26.4626,4.1707,6.4762,5.7814,1.2182,0.5221,430950.0
4441,2003-06-20,27.9354,26.3668,4.1556,6.4527,5.7605,1.2227,0.524,429390.0
4442,2003-06-19,28.1638,26.5823,4.1896,6.5055,5.8076,1.2128,0.5198,432900.0
4443,2003-06-18,28.3667,26.7739,4.2198,6.5523,5.8495,1.2041,0.516,436020.0
4444,2003-06-17,28.4682,26.8697,4.2349,6.5758,5.8704,1.1998,0.5142,437580.0
4445,2003-06-16,28.5697,26.9655,4.25,6.5992,5.8913,1.1955,0.5124,439140.0
4446,2003-06-13,29.0264,27.3966,4.3179,6.7047,5.9855,1.1767,0.5043,446160.0
4447,2003-06-12,28.8742,27.2529,4.2953,6.6696,5.9541,1.1829,0.507,443820.0
4448,2003-06-11,28.0369,26.4626,4.1707,6.4762,5.7814,1.2182,0.5221,430950.0
4449,2003-06-10,27.8339,26.271,4.1405,6.4293,5.7396,1.2271,0.5259,427830.0
4450,2003-06-09,27.5802,26.0315,4.1028,6.3707,5.6873,1.2384,0.5307,423930.0
4451,2003-06-06,28.2653,26.6781,4.2047,6.5289,5.8285,1.2084,0.5179,434460.0
4452,2003-06-05,28.6712,27.0613,4.2651,6.6227,5.9122,1.1913,0.5106,440700.0
4453,2003-06-04,29.1787,27.5403,4.3406,6.7399,6.0169,1.1706,0.5017,448500.0
4454,2003-06-03,29.0518,27.4205,4.3217,6.7106,5.9907,1.1757,0.5039,446550.0
4455,2003-06-02,29.1787,27.5403,4.3406,6.7399,6.0169,1.1706,0.5017,448500.0
4456,2003-05-30,29.407,27.7558,4.3745,6.7926,6.064,1.1615,0.4978,452010.0
4457,2003-05-29,29.1533,27.5163,4.3368,6.734,6.0116,1.1716,0.5021,448110.0
4458,2003-05-28,29.2802,27.636,4.3557,6.7633,6.0378,1.1665,0.4999,450060.0
4459,2003-05-27,29.9652,28.2826,4.4576,6.9216,6.1791,1.1398,0.4885,460590.0
4460,2003-05-26,30.1428,28.4503,4.484,6.9626,6.2157,1.1331,0.4856,463320.0
4461,2003-05-23,30.0413,28.3545,4.4689,6.9392,6.1948,1.137,0.4873,461760.0
4462,2003-05-22,29.9145,28.2348,4.45,6.9098,6.1686,1.1418,0.4893,459810.0
4463,2003-05-21,29.5593,27.8995,4.3972,6.8278,6.0954,1.1555,0.4952,454350.0
4464,2003-05-20,29.4578,27.8037,4.3821,6.8044,6.0744,1.1595,1.1595,452790.0
4465,2003-05-19,30.2697,28.57,4.5029,6.9919,6.2419,1.1284,1.1284,465270.0
4466,2003-05-16,30.3204,28.6179,4.5104,7.0036,6.2523,1.1265,1.1265,466050.0
4467,2003-05-15,29.3309,27.6839,4.3632,6.7751,6.0483,1.1645,1.1645,450840.0
4468,2003-05-14,27.91,26.3429,4.1518,6.4468,5.7553,1.2238,1.2238,429000.0
4469,2003-05-13,27.3518,25.816,4.0688,6.3179,5.6402,1.2488,1.2488,420420.0
4470,2003-05-12,27.7832,26.2231,4.133,6.4175,5.7291,1.2294,1.2294,427050.0
4471,2003-04-30,26.2608,24.7862,3.9065,6.0659,5.4152,1.3006,1.3006,403650.0
4472,2003-04-29,26.5907,25.0976,3.9556,6.1421,5.4832,1.2845,1.2845,408720.0
4473,2003-04-28,26.3877,24.906,3.9254,6.0952,5.4414,1.2944,1.2944,405600.0
4474,2003-04-25,25.3981,23.972,3.7782,5.8666,5.2373,1.3448,1.3448,390390.0
4475,2003-04-24,25.8295,24.3791,3.8423,5.9663,5.3262,1.3224,1.3224,397020.0
4476,2003-04-23,27.4533,25.9118,4.0839,6.3414,5.6611,1.2441,1.2441,421980.0
4477,2003-04-22,28.5697,26.9655,4.25,6.5992,5.8913,1.1955,1.1955,439140.0
4478,2003-04-21,28.3414,26.75,4.216,6.5465,5.8442,1.2052,1.2052,435630.0
4479,2003-04-18,29.6861,29.6861,4.5353,6.8571,6.8571,1.1506,1.1506,456300.0
4480,2003-04-17,29.3817,29.3817,4.4888,6.7868,6.7868,1.1625,1.1625,451620.0
4481,2003-04-16,29.0772,29.0772,4.4423,6.7164,6.7164,1.1747,1.1747,446940.0
4482,2003-04-15,29.204,29.204,4.4617,6.7457,6.7457,1.1696,1.1696,448890.0
4483,2003-04-14,28.113,28.113,4.295,6.4937,6.4937,1.2149,1.2149,432120.0
4484,2003-04-11,28.5697,28.5697,4.3648,6.5992,6.5992,1.1955,1.1955,439140.0
4485,2003-04-10,28.113,28.113,4.295,6.4937,6.4937,1.2149,1.2149,432120.0
4486,2003-04-09,28.0369,28.0369,4.2834,6.4762,6.4762,1.2182,1.2182,430950.0
4487,2003-04-08,28.1638,28.1638,4.3027,6.5055,6.5055,1.2128,1.2128,432900.0
4488,2003-04-07,28.0369,28.0369,4.2834,6.4762,6.4762,1.2182,1.2182,430950.0
4489,2003-04-04,27.4026,27.4026,4.1864,6.3296,6.3296,1.2464,1.2464,421200.0
4490,2003-04-03,27.428,27.428,4.1903,6.3355,6.3355,1.2453,1.2453,421590.0
4491,2003-04-02,27.0981,27.0981,4.1399,6.2593,6.2593,1.2604,1.2604,416520.0
4492,2003-04-01,26.3115,26.3115,4.0198,6.0776,6.0776,1.2981,1.2981,404430.0
4493,2003-03-31,26.2608,26.2608,4.012,6.0659,6.0659,1.3006,1.3006,403650.0
4494,2003-03-28,25.4996,25.4996,3.8957,5.8901,5.8901,1.3395,1.3395,391950.0
4495,2003-03-27,26.0071,26.0071,3.9732,6.0073,6.0073,1.3133,1.3133,399750.0
4496,2003-03-26,25.1444,25.1444,3.8415,5.808,5.808,1.3584,1.3584,386490.0
4497,2003-03-25,25.4996,25.4996,3.8957,5.8901,5.8901,1.3395,1.3395,391950.0
4498,2003-03-24,25.6011,25.6011,3.9112,5.9135,5.9135,1.3341,1.3341,393510.0
4499,2003-03-21,25.7533,25.7533,3.9345,5.9487,5.9487,1.3263,1.3263,395850.0
4500,2003-03-20,25.2205,25.2205,3.8531,5.8256,5.8256,1.3543,1.3543,387660.0
4501,2003-03-19,24.7384,24.7384,3.7794,5.7143,5.7143,1.3807,1.3807,380250.0
4502,2003-03-18,23.9773,23.9773,3.6631,5.5384,5.5384,1.4245,1.4245,368550.0
4503,2003-03-17,24.5862,24.5862,3.7562,5.6791,5.6791,1.3892,1.3892,377910.0
4504,2003-03-14,24.2564,24.2564,3.7058,5.6029,5.6029,1.4081,1.4081,372840.0
4505,2003-03-13,23.5459,23.5459,3.5972,5.4388,5.4388,1.4506,1.4506,361920.0
4506,2003-03-12,23.7235,23.7235,3.6244,5.4798,5.4798,1.4397,1.4397,364650.0
4507,2003-03-11,23.4698,23.4698,3.5856,5.4212,5.4212,1.4553,1.4553,360750.0
4508,2003-03-10,23.4698,23.4698,3.5856,5.4212,5.4212,1.4553,1.4553,360750.0
4509,2003-03-07,23.7996,23.7996,3.636,5.4974,5.4974,1.4351,1.4351,365820.0
4510,2003-03-06,23.7996,23.7996,3.636,5.4974,5.4974,1.4351,1.4351,365820.0
4511,2003-03-05,24.2564,24.2564,3.7058,5.6029,5.6029,1.4081,1.4081,372840.0
4512,2003-03-04,35.7634,28.2267,3.9129,9.6915,7.38,1.395,1.395,376350.0
4513,2003-03-03,36.134,28.5192,3.9535,9.792,7.4565,1.3807,1.3807,380250.0
4514,2003-02-28,36.0598,28.4607,3.9453,9.7719,7.4412,1.3835,1.3835,379470.0
4515,2003-02-27,36.134,28.5192,3.9535,9.792,7.4565,1.3807,1.3807,380250.0
4516,2003-02-26,35.8745,28.3145,3.9251,9.7217,7.4029,1.3907,1.3907,377520.0
4517,2003-02-25,35.8375,28.2852,3.921,9.7116,7.3953,1.3921,1.3921,377130.0
4518,2003-02-24,34.7257,27.4077,3.7994,9.4103,7.1658,1.4367,1.4367,365430.0
4519,2003-02-21,33.7621,26.6472,3.6939,9.1492,6.967,1.4777,1.4777,355290.0
4520,2003-02-20,34.7627,27.437,3.8034,9.4204,7.1735,1.4351,1.4351,365820.0
4521,2003-02-19,34.8368,27.4955,3.8115,9.4404,7.1888,1.4321,1.4321,366600.0
4522,2003-02-18,34.5033,27.2322,3.775,9.3501,7.12,1.4459,1.4459,363090.0
4523,2003-02-17,34.948,27.5832,3.8237,9.4706,7.2117,1.4275,1.4275,367770.0
4524,2003-02-14,35.5039,28.022,3.8845,9.6212,7.3264,1.4052,1.4052,373620.0
4525,2003-02-13,35.4298,27.9635,3.8764,9.6011,7.3112,1.4081,1.4081,372840.0
4526,2003-02-12,35.8745,28.3145,3.9251,9.7217,7.4029,1.3907,1.3907,377520.0
4527,2003-02-11,35.9857,28.4022,3.9372,9.7518,7.4259,1.3864,1.3864,378690.0
4528,2003-02-10,35.6892,28.1682,3.9048,9.6714,7.3647,1.3979,1.3979,375570.0
4529,2003-01-29,36.2822,28.6362,3.9697,9.8321,7.487,1.375,1.375,381810.0
4530,2003-01-28,34.9851,27.6125,3.8278,9.4806,7.2194,1.426,1.426,368160.0
4531,2003-01-27,35.1333,27.7295,3.844,9.5208,7.25,1.42,1.42,369720.0
4532,2003-01-24,34.3551,27.1152,3.7588,9.3099,7.0894,1.4522,1.4522,361530.0
4533,2003-01-23,34.0956,26.9105,3.7304,9.2396,7.0358,1.4632,1.4632,358800.0
4534,2003-01-22,34.8739,27.5247,3.8156,9.4505,7.1964,1.4306,1.4306,366990.0
4535,2003-01-21,34.6886,27.3785,3.7953,9.4003,7.1582,1.4382,1.4382,365040.0
4536,2003-01-20,35.6892,28.1682,3.9048,9.6714,7.3647,1.3979,1.3979,375570.0
4537,2003-01-17,35.3557,27.905,3.8683,9.581,7.2959,1.4111,1.4111,372060.0
4538,2003-01-16,35.4669,27.9927,3.8805,9.6112,7.3188,1.4066,1.4066,373230.0
4539,2003-01-15,34.2068,26.9982,3.7426,9.2697,7.0588,1.4585,1.4585,359970.0
4540,2003-01-14,34.0956,26.9105,3.7304,9.2396,7.0358,1.4632,1.4632,358800.0
4541,2003-01-13,32.9838,26.0329,3.6088,8.9383,6.8064,1.5125,1.5125,347100.0
4542,2003-01-10,33.1321,26.1499,3.625,8.9785,6.837,1.5058,1.5058,348660.0
4543,2003-01-09,33.688,26.5887,3.6858,9.1291,6.9517,1.4809,1.4809,354510.0
4544,2003-01-08,32.5762,25.7112,3.5642,8.8278,6.7223,1.5315,1.5315,342810.0
4545,2003-01-07,31.5385,24.8922,3.4507,8.5466,6.5081,1.5818,1.5818,331890.0
4546,2003-01-06,31.6496,24.9799,3.4628,8.5767,6.5311,1.5763,1.5763,333060.0
4547,2003-01-03,31.3532,24.7459,3.4304,8.4964,6.4699,1.5912,1.5912,329940.0
4548,2003-01-02,31.3532,24.7459,3.4304,8.4964,6.4699,1.5912,1.5912,329940.0
4549,2002-12-31,33.2803,26.2669,3.6412,9.0186,6.8676,0.6425,1.4991,350220.0
4550,2002-12-30,34.0215,26.852,3.7223,9.2195,7.0205,0.6285,1.4664,358020.0
4551,2002-12-27,33.4285,26.3839,3.6575,9.0588,6.8982,0.6396,1.4924,351780.0
4552,2002-12-26,34.2068,26.9982,3.7426,9.2697,7.0588,0.6251,1.4585,359970.0
4553,2002-12-25,34.6515,27.3492,3.7913,9.3902,7.1506,0.617,1.4397,364650.0
4554,2002-12-24,35.3928,27.9342,3.8724,9.5911,7.3035,0.6041,1.4096,372450.0
4555,2002-12-23,35.3557,27.905,3.8683,9.581,7.2959,0.6047,1.4111,372060.0
4556,2002-12-20,34.6886,27.3785,3.7953,9.4003,7.1582,0.6164,1.4382,365040.0
4557,2002-12-19,34.4662,27.203,3.771,9.34,7.1123,0.6203,1.4475,362700.0
4558,2002-12-18,34.6515,27.3492,3.7913,9.3902,7.1506,0.617,1.4397,364650.0
4559,2002-12-17,34.6886,27.3785,3.7953,9.4003,7.1582,0.6164,1.4382,365040.0
4560,2002-12-16,34.5774,27.2907,3.7832,9.3701,7.1353,0.6184,1.4428,363870.0
4561,2002-12-13,33.7621,26.6472,3.6939,9.1492,6.967,0.6333,1.4777,355290.0
4562,2002-12-12,33.1321,26.1499,3.625,8.9785,6.837,0.6453,1.5058,348660.0
4563,2002-12-11,32.9468,26.0037,3.6047,8.9283,6.7988,0.649,1.5142,346710.0
4564,2002-12-10,32.9468,26.0037,3.6047,8.9283,6.7988,0.649,1.5142,346710.0
4565,2002-12-09,32.9838,26.0329,3.6088,8.9383,6.8064,0.6482,1.5125,347100.0
4566,2002-12-06,32.9838,26.0329,3.6088,8.9383,6.8064,0.6482,1.5125,347100.0
4567,2002-12-05,32.9097,25.9744,3.6007,8.9182,6.7911,0.6497,1.5159,346320.0
4568,2002-12-04,33.0209,26.0622,3.6128,8.9483,6.8141,0.6475,1.5108,347490.0
4569,2002-12-03,32.8726,25.9452,3.5966,8.9082,6.7835,0.6504,1.5176,345930.0
4570,2002-12-02,32.7615,25.8574,3.5845,8.878,6.7605,0.6526,1.5228,344760.0
4571,2002-11-29,33.688,26.5887,3.6858,9.1291,6.9517,0.6347,1.4809,354510.0
4572,2002-11-28,33.3544,26.3254,3.6493,9.0387,6.8829,0.641,1.4957,351000.0
4573,2002-11-27,32.2426,25.4479,3.5277,8.7374,6.6535,0.6631,1.5473,339300.0
4574,2002-11-26,32.2797,25.4772,3.5318,8.7475,6.6611,0.6624,1.5455,339690.0
4575,2002-11-25,33.4285,26.3839,3.6575,9.0588,6.8982,0.6396,1.4924,351780.0
4576,2002-11-22,33.7621,26.6472,3.6939,9.1492,6.967,0.6333,1.4777,355290.0
4577,2002-11-21,34.1327,26.9397,3.7345,9.2496,7.0435,0.6264,1.4616,359190.0
4578,2002-11-20,35.2075,27.788,3.8521,9.5409,7.2653,0.6073,1.417,370500.0
4579,2002-11-19,36.3193,28.6655,3.9737,9.8422,7.4947,0.5887,1.3736,382200.0
4580,2002-11-18,36.3193,28.6655,3.9737,9.8422,7.4947,0.5887,1.3736,382200.0
4581,2002-11-15,36.8752,29.1042,4.0345,9.9928,7.6094,0.5798,1.3529,388050.0
4582,2002-11-14,36.764,29.0165,4.0224,9.9627,7.5865,0.5816,1.357,386880.0
4583,2002-11-13,36.9864,29.192,4.0467,10.0229,7.6324,0.5781,1.3489,389220.0
4584,2002-11-12,37.2087,29.3675,4.071,10.0832,7.6782,0.5746,1.3408,391560.0
4585,2002-11-11,37.357,29.4845,4.0873,10.1234,7.7088,0.5723,1.3355,393120.0
4586,2002-11-08,37.9499,29.9525,4.1521,10.2841,7.8312,0.5634,1.3146,399360.0
4587,2002-11-07,39.2841,31.0055,4.2981,10.6456,8.1065,0.5443,1.27,413400.0
4588,2002-11-06,40.1964,31.7255,4.3979,10.8928,8.2948,0.5319,0.7092,423000.0
4589,2002-11-05,40.8806,32.2655,4.4728,11.0782,8.4359,0.523,0.6974,430200.0
4590,2002-11-04,40.4814,31.9505,4.4291,10.9701,8.3536,0.5282,0.7042,426000.0
4591,2002-11-01,39.8828,31.478,4.3636,10.8078,8.23,0.5361,0.7148,419700.0
4592,2002-10-31,39.5692,31.2305,4.3293,10.7229,8.1653,0.5403,0.7205,416400.0
4593,2002-10-30,38.3433,30.263,4.1952,10.3907,7.9124,0.5576,0.7435,403500.0
4594,2002-10-29,38.3718,30.2855,4.1983,10.3984,7.9183,0.5572,0.7429,403800.0
4595,2002-10-28,38.1723,30.128,4.1765,10.3443,7.8771,0.5601,0.7468,401700.0
4596,2002-10-25,38.2293,30.173,4.1827,10.3598,7.8888,0.5593,0.7457,402300.0
4597,2002-10-24,38.2008,30.1505,4.1796,10.352,7.883,0.5597,0.7463,402000.0
4598,2002-10-23,38.5144,30.398,4.2139,10.437,7.9477,0.5551,0.7402,405300.0
4599,2002-10-22,38.1438,30.1055,4.2937,10.3366,7.8712,0.5605,0.7474,401400.0
4600,2002-10-21,37.9727,29.9705,4.2745,10.2902,7.8359,0.5631,0.7508,399600.0
4601,2002-10-18,38.4859,30.3755,4.3323,10.4293,7.9418,0.5556,0.7407,405000.0
4602,2002-10-17,38.4289,30.3305,4.3258,10.4138,7.93,0.5564,0.7418,404400.0
4603,2002-10-16,38.885,30.6905,4.3772,10.5375,8.0241,0.5499,0.7331,409200.0
4604,2002-10-15,39.0275,30.803,4.3932,10.5761,8.0536,0.5478,0.7305,410700.0
4605,2002-10-14,38.9135,30.713,4.3804,10.5452,8.03,0.5495,0.7326,409500.0
4606,2002-10-11,38.6284,30.488,4.3483,10.4679,7.9712,0.5535,0.738,406500.0
4607,2002-10-10,38.5144,30.398,4.3355,10.437,7.9477,0.5551,0.7402,405300.0
4608,2002-10-08,39.4837,31.163,4.4446,10.6997,8.1477,0.5415,0.722,415500.0
4609,2002-09-27,39.4266,31.118,4.4382,10.6842,8.1359,0.5423,0.7231,414900.0
4610,2002-09-26,38.7995,30.623,4.3676,10.5143,8.0065,0.5511,0.7348,408300.0
4611,2002-09-25,39.3411,31.0505,4.4285,10.6611,8.1183,0.5435,0.9058,414000.0
4612,2002-09-24,39.3981,31.0955,4.4349,10.6765,8.13,0.5427,0.9045,414600.0
4613,2002-09-23,39.9113,31.5005,4.4927,10.8156,8.2359,0.5357,0.8929,420000.0
4614,2002-09-20,40.0538,31.613,4.5088,10.8542,8.2653,0.5338,0.8897,421500.0
4615,2002-09-19,40.2819,31.793,4.5344,10.916,8.3124,0.5308,0.8846,423900.0
4616,2002-09-18,39.8543,31.4555,4.4863,10.8001,8.2242,0.5365,0.8941,419400.0
4617,2002-09-17,39.9113,31.5005,4.4927,10.8156,8.2359,0.5357,0.8929,420000.0
4618,2002-09-16,40.0538,31.613,4.5088,10.8542,8.2653,0.5338,0.8897,421500.0
4619,2002-09-13,40.2249,31.748,4.528,10.9005,8.3006,0.5315,0.8859,423300.0
4620,2002-09-12,40.0253,31.5905,4.5055,10.8465,8.2595,0.5342,0.8903,421200.0
4621,2002-09-11,39.7972,31.4105,4.4799,10.7847,8.2124,0.5372,0.8954,418800.0
4622,2002-09-10,40.1964,31.7255,4.5248,10.8928,8.2948,0.5319,0.8865,423000.0
4623,2002-09-09,40.2534,31.7705,4.5312,10.9083,8.3065,0.5312,0.8853,423600.0
4624,2002-09-06,40.6525,32.0855,4.5761,11.0164,8.3889,0.5259,0.8766,427800.0
4625,2002-09-05,40.4529,31.928,4.5537,10.9624,8.3477,0.5285,0.8809,425700.0
4626,2002-09-04,41.2797,32.5806,4.6467,11.1864,8.5183,0.518,0.8633,434400.0
4627,2002-09-03,41.3652,32.6481,4.6564,11.2096,8.536,0.5169,0.8615,435300.0
4628,2002-09-02,41.5933,32.8281,4.682,11.2714,8.583,0.5141,0.8568,437700.0
4629,2002-08-30,41.9068,33.0756,4.7173,11.3563,8.6477,0.5102,0.8503,441000.0
4630,2002-08-29,41.7358,32.9406,4.6981,11.31,8.6124,0.5123,0.8538,439200.0
4631,2002-08-28,41.6218,32.8506,4.6853,11.2791,8.5889,0.5137,0.8562,438000.0
4632,2002-08-27,42.0209,33.1656,4.7302,11.3873,8.6713,0.5088,0.848,442200.0
4633,2002-08-26,41.9639,33.1206,4.7238,11.3718,8.6595,0.5095,0.8492,441600.0
4634,2002-08-23,42.5055,33.5481,4.7847,11.5186,8.7713,0.503,0.8384,447300.0
4635,2002-08-22,42.3915,33.4581,4.7719,11.4877,8.7477,0.5044,0.8406,446100.0
4636,2002-08-21,41.9354,33.0981,4.7206,11.3641,8.6536,0.5099,0.8498,441300.0
4637,2002-08-20,41.6503,32.8731,4.6885,11.2868,8.5948,0.5133,0.8556,438300.0
4638,2002-08-19,41.1371,32.4681,4.6307,11.1478,8.4889,0.5198,0.8663,432900.0
4639,2002-08-16,41.4222,32.6931,4.6628,11.225,8.5477,0.5162,0.8603,435900.0
4640,2002-08-15,41.1086,32.4456,4.6275,11.14,8.483,0.5201,0.8669,432600.0
4641,2002-08-14,41.1656,32.4906,4.6339,11.1555,8.4948,0.5194,0.8657,433200.0
4642,2002-08-13,41.0801,32.4231,4.6243,11.1323,8.4771,0.5205,0.8675,432300.0
4643,2002-08-12,40.852,32.243,4.5986,11.0705,8.4301,0.5234,0.8723,429900.0
4644,2002-08-09,41.7073,32.9181,4.6949,11.3023,8.6065,0.5126,0.8544,438900.0
4645,2002-08-08,43.0472,33.9756,4.8457,11.6654,8.883,0.4967,0.8278,453000.0
4646,2002-08-07,43.1897,34.0881,4.8618,11.704,8.9125,0.495,0.8251,454500.0
4647,2002-08-06,43.0757,33.9981,4.8489,11.6731,8.8889,0.4964,0.8273,453300.0
4648,2002-08-05,43.1897,34.0881,4.8618,11.704,8.9125,0.495,0.8251,454500.0
4649,2002-08-02,43.7599,43.7599,5.1572,11.8585,11.8585,0.4886,0.8143,460500.0
4650,2002-08-01,43.1612,43.1612,5.0866,11.6963,11.6963,0.4954,0.8256,454200.0
4651,2002-07-31,43.1897,43.1897,5.09,11.704,11.704,0.495,0.8251,454500.0
4652,2002-07-30,43.3608,43.3608,5.1102,11.7503,11.7503,0.4931,0.8218,456300.0
4653,2002-07-29,43.6173,43.6173,5.1404,11.8199,11.8199,0.4902,0.817,459000.0
4654,2002-07-26,43.5033,43.5033,5.127,11.789,11.789,0.4915,0.8191,457800.0
4655,2002-07-25,43.2182,43.2182,5.0934,11.7117,11.7117,0.4947,0.8245,454800.0
4656,2002-07-24,42.9331,42.9331,5.0598,11.6345,11.6345,0.498,0.83,451800.0
4657,2002-07-23,43.0187,43.0187,5.0698,11.6576,11.6576,0.497,0.8284,452700.0
4658,2002-07-22,43.1327,43.1327,5.0833,11.6885,11.6885,0.4957,0.8262,453900.0
4659,2002-07-19,44.33,44.33,5.2244,12.013,12.013,0.4823,0.8039,466500.0
4660,2002-07-18,44.0735,44.0735,5.1942,11.9435,11.9435,0.4851,0.8085,463800.0
4661,2002-07-17,44.0449,44.0449,5.1908,11.9358,11.9358,0.4854,0.8091,463500.0
4662,2002-07-16,42.9902,42.9902,5.0665,11.6499,11.6499,0.4973,0.8289,452400.0
4663,2002-07-15,43.0187,43.0187,5.0698,11.6576,11.6576,0.497,0.8284,452700.0
4664,2002-07-12,44.1875,44.1875,5.2076,11.9744,11.9744,0.4839,0.8065,465000.0
4665,2002-07-11,44.9002,44.9002,5.2916,12.1675,12.1675,0.4762,0.7937,472500.0
4666,2002-07-10,44.7577,44.7577,5.2748,12.1289,12.1289,0.4777,0.7962,471000.0
4667,2002-07-09,45.0427,45.0427,5.3084,12.2061,12.2061,0.4747,0.7911,474000.0
4668,2002-07-08,45.2993,45.2993,5.3386,12.2757,12.2757,0.472,0.7867,476700.0
4669,2002-07-05,43.5318,43.5318,5.1303,11.7967,11.7967,0.4912,0.8186,458100.0
4670,2002-07-04,42.534,42.534,5.0127,11.5263,11.5263,0.5027,0.8378,447600.0
4671,2002-07-03,42.6195,42.6195,5.0228,11.5495,11.5495,0.5017,0.8361,448500.0
4672,2002-07-02,41.9068,41.9068,4.9388,11.3563,11.3563,0.5102,0.8503,441000.0
4673,2002-07-01,41.4792,41.4792,4.8884,11.2405,11.2405,0.5155,0.8591,436500.0
4674,2002-06-28,42.42,42.42,4.9993,11.4954,11.4954,0.504,0.8401,446400.0
4675,2002-06-27,42.3915,42.3915,4.9959,11.4877,11.4877,0.5044,0.8406,446100.0
4676,2002-06-26,42.3915,42.3915,4.9959,11.4877,11.4877,0.5044,0.8406,446100.0
4677,2002-06-24,42.2774,42.2774,4.9825,11.4568,11.4568,0.5057,0.8429,444900.0
4678,2002-06-21,38.4289,38.4289,4.5289,10.4138,10.4138,0.5564,0.9273,404400.0
4679,2002-06-20,36.8894,36.8894,4.3475,9.9967,9.9967,0.5796,0.966,388200.0
4680,2002-06-19,36.4048,36.4048,4.2904,9.8653,9.8653,0.5873,0.9789,383100.0
4681,2002-06-18,36.7469,36.7469,4.3307,9.958,9.958,0.5818,0.9697,386700.0
4682,2002-06-17,35.8061,35.8061,4.2198,9.7031,9.7031,0.5971,0.9952,376800.0
4683,2002-06-14,35.407,35.407,4.1728,9.595,9.595,0.6039,1.0064,372600.0
4684,2002-06-13,36.4333,36.4333,4.2937,9.8731,9.8731,0.5869,0.9781,383400.0
4685,2002-06-12,36.5758,36.5758,4.3105,9.9117,9.9117,0.5846,0.9743,384900.0
4686,2002-06-11,36.7184,36.7184,4.3273,9.9503,9.9503,0.5823,0.9705,386400.0
4687,2002-06-10,37.0605,37.0605,4.3677,10.043,10.043,0.5769,0.9615,390000.0
4688,2002-06-07,37.7447,37.7447,4.4483,10.2284,10.2284,0.5665,1.3218,397200.0
4689,2002-06-06,37.1175,37.1175,4.3744,10.0585,10.0585,0.576,1.3441,390600.0
4690,2002-06-05,35.7776,35.7776,4.2165,9.6954,9.6954,0.5976,1.3944,376500.0
4691,2002-06-04,36.4048,36.4048,4.2904,9.8653,9.8653,0.5873,1.3704,383100.0
4692,2002-06-03,35.6921,35.6921,4.2064,9.6722,9.6722,0.599,1.3978,375600.0
4693,2002-05-31,36.0627,36.0627,4.2501,9.7726,9.7726,0.5929,1.3834,379500.0
4694,2002-05-30,37.089,37.089,4.371,10.0508,10.0508,0.5765,1.3451,390300.0
4695,2002-05-29,37.032,37.032,4.3643,10.0353,10.0353,0.5774,1.3472,389700.0
4696,2002-05-28,38.3433,38.3433,4.5189,10.3907,10.3907,0.5576,1.3011,403500.0
4697,2002-05-27,37.9157,37.9157,4.4685,10.2748,10.2748,0.5639,1.3158,399000.0
4698,2002-05-24,37.9157,37.9157,4.4685,10.2748,10.2748,0.5639,1.3158,399000.0
4699,2002-05-23,38.3718,38.3718,4.5222,10.3984,10.3984,0.5572,1.3001,403800.0
4700,2002-05-22,38.6569,38.6569,4.5558,10.4757,10.4757,0.5531,1.2906,406800.0
4701,2002-05-21,39.056,39.056,4.6028,10.5838,10.5838,0.5474,1.2774,411000.0
4702,2002-05-20,38.1723,38.1723,4.4987,10.3443,10.3443,0.5601,0.5601,401700.0
4703,2002-05-17,38.6569,38.6569,4.5558,10.4757,10.4757,0.5531,0.5531,406800.0
4704,2002-05-16,38.3433,38.3433,4.5189,10.3907,10.3907,0.5576,0.5576,403500.0
4705,2002-05-15,39.5692,39.5692,4.6633,10.7229,10.7229,0.5403,0.5403,416400.0
4706,2002-05-14,39.7117,39.7117,4.6801,10.7615,10.7615,0.5384,0.5384,417900.0
4707,2002-05-13,40.624,40.624,4.7876,11.0087,11.0087,0.5263,0.5263,427500.0
4708,2002-05-10,41.0231,41.0231,4.8347,11.1169,11.1169,0.5212,0.5212,431700.0
4709,2002-05-09,41.4507,41.4507,4.8851,11.2327,11.2327,0.5158,0.5158,436200.0
4710,2002-05-08,41.5362,41.5362,4.8951,11.2559,11.2559,0.5148,0.5148,437100.0
4711,2002-04-30,41.9068,41.9068,4.9388,11.3563,11.3563,0.5102,0.5102,441000.0
4712,2002-04-29,42.1634,42.1634,4.9691,11.4259,11.4259,0.5071,0.5071,443700.0
4713,2002-04-26,40.5385,40.5385,4.876,10.9855,10.9855,0.5274,0.5274,426600.0
4714,2002-04-25,39.5977,39.5977,4.7629,10.7306,10.7306,0.54,0.54,416700.0
4715,2002-04-24,39.7687,39.7687,4.7834,10.7769,10.7769,0.5376,0.5376,418500.0
4716,2002-04-23,39.9113,39.9113,4.8006,10.8156,10.8156,0.5357,0.5357,420000.0
4717,2002-04-22,39.6262,39.6262,4.7663,10.7383,10.7383,0.5396,0.5396,417000.0
4718,2002-04-19,40.7095,40.7095,4.8966,11.0319,11.0319,0.5252,0.5252,428400.0
4719,2002-04-18,40.7665,40.7665,4.9034,11.0473,11.0473,0.5245,0.5245,429000.0
