,trade_date,pe,pe_ttm,pb,ps,ps_ttm,dv_ratio,dv_ttm,total_mv
0,2022-04-13,18.3725,18.3725,2.4034,1.4623,1.4623,1.0287,1.0287,356438.3191
1,2022-04-12,20.1087,20.1087,2.6305,1.6004,1.6004,0.9399,0.9399,390121.0666
2,2022-04-11,20.4482,20.4482,2.6749,1.6275,1.6275,0.9243,0.9243,396707.915
3,2022-04-08,21.868,21.868,2.8606,1.7405,1.7405,0.8643,0.8643,424252.9174
4,2022-04-07,36.4331,24.6042,2.7004,2.4694,1.6985,0.9508,0.9508,385630.0336
5,2022-04-06,38.6394,26.0942,2.864,2.619,1.8013,0.8966,0.8966,408983.4052
6,2022-04-01,40.4497,27.3168,2.9981,2.7417,1.8857,0.8564,0.8564,428145.146
7,2022-03-31,39.2193,26.4858,2.9069,2.6583,1.8283,0.8833,0.8833,415121.1503
8,2022-03-30,35.6552,24.0789,2.6428,2.4167,1.6622,0.9716,0.9716,377396.4731
9,2022-03-29,34.7783,23.4867,2.5778,2.3573,1.6213,0.9961,0.9961,368115.0049
10,2022-03-28,36.1219,24.3941,2.6774,2.4484,1.684,0.959,0.959,382336.6094
11,2022-03-25,35.3723,23.8879,2.6218,2.3975,1.649,0.9794,0.9794,374402.4511
12,2022-03-24,36.0229,24.3272,2.67,2.4416,1.6793,0.9617,0.9617,381288.7017
13,2022-03-23,36.6028,24.7188,2.713,2.481,1.7064,0.9464,0.9464,387426.4468
14,2022-03-22,35.1177,23.7159,2.6029,2.3803,1.6371,0.9865,0.9865,371707.8313
15,2022-03-21,35.1036,23.7064,2.6019,2.3793,1.6365,0.9869,0.9869,371558.1302
16,2022-03-18,34.7217,23.4485,2.5736,2.3535,1.6187,0.9977,0.9977,367516.2005
17,2022-03-17,34.5944,23.3625,2.5641,2.3448,1.6127,1.0014,1.0014,366168.8906
18,2022-03-16,34.1701,23.076,2.5327,2.3161,1.593,1.0138,1.0138,361677.8576
19,2022-03-15,33.1518,22.3883,2.4572,2.247,1.5455,1.045,1.045,350899.3784
20,2022-03-14,35.7683,24.1553,2.6512,2.4244,1.6675,0.9685,0.9685,378594.0819
21,2022-03-11,37.2534,25.1582,2.7612,2.525,1.7367,0.9299,0.9299,394312.6974
22,2022-03-10,37.2392,25.1486,2.7602,2.5241,1.736,0.9303,0.9303,394162.9963
23,2022-03-09,35.4006,23.907,2.6239,2.3995,1.6503,0.9786,0.9786,374701.8533
24,2022-03-08,36.2633,24.4896,2.6878,2.4579,1.6905,0.9553,0.9553,383833.6204
25,2022-03-07,37.5362,25.3492,2.7822,2.5442,1.7499,0.9229,0.9229,397306.7194
26,2022-03-04,38.696,26.1324,2.8682,2.6228,1.804,0.8952,0.8952,409582.2096
27,2022-03-03,39.686,26.801,2.9415,2.6899,1.8501,0.8729,0.8729,420061.2866
28,2022-03-02,39.6011,26.7437,2.9352,2.6842,1.8462,0.8748,0.8748,419163.08
29,2022-03-01,39.8274,26.8965,2.952,2.6995,1.8567,0.8698,0.8698,421558.2976
30,2022-02-28,39.29,26.5336,2.9122,2.6631,1.8316,0.8817,0.8817,415869.6558
31,2022-02-25,39.389,26.6004,2.9195,2.6698,1.8363,0.8795,0.8795,416917.5635
32,2022-02-24,38.894,26.2661,2.8828,2.6362,1.8132,0.8907,0.8907,411678.025
33,2022-02-23,39.5446,26.7055,2.9311,2.6803,1.8435,0.876,0.876,418564.2756
34,2022-02-22,38.3,25.865,2.8388,2.596,1.7855,0.9045,0.9045,405390.5788
35,2022-02-21,39.5304,26.6959,2.93,2.6794,1.8429,0.8763,0.8763,418414.5745
36,2022-02-18,39.6011,26.7437,2.9352,2.6842,1.8462,0.8748,0.8748,419163.08
37,2022-02-17,39.3183,26.5527,2.9143,2.665,1.833,0.8811,0.8811,416169.058
38,2022-02-16,39.7567,26.8488,2.9468,2.6947,1.8534,0.8714,0.8714,420809.7921
39,2022-02-15,38.6111,26.0751,2.8619,2.6171,1.8,0.8972,0.8972,408684.003
40,2022-02-14,39.9123,26.9538,2.9583,2.7053,1.8607,0.868,0.868,422456.5042
41,2022-02-11,42.5005,28.7017,3.1501,2.8807,1.9813,0.8151,0.8151,449851.8055
42,2022-02-10,43.4764,29.3608,3.2225,2.9468,2.0268,0.7968,0.7968,460181.1814
43,2022-02-09,44.5371,30.0771,3.3011,3.0187,2.0763,0.7778,0.7778,471408.7639
44,2022-02-08,44.4099,29.9911,3.2917,3.0101,2.0703,0.7801,0.7801,470061.454
45,2022-02-07,44.8483,30.2872,3.3242,3.0398,2.0908,0.7724,0.7724,474702.1881
46,2022-01-28,41.9348,28.3197,3.1082,2.8424,1.9549,0.8261,0.8261,443863.7615
47,2022-01-27,42.5005,28.7017,3.1501,2.8807,1.9813,0.8151,0.8151,449851.8055
48,2022-01-26,44.9756,30.3732,3.3336,3.0485,2.0967,0.7702,0.7702,476049.498
49,2022-01-25,44.4947,30.0485,3.298,3.0159,2.0743,0.7786,0.7786,470959.6606
50,2022-01-24,41.8641,28.2719,3.103,2.8376,1.9516,0.8275,0.8275,443115.256
51,2022-01-21,43.2077,29.1793,3.2026,2.9286,2.0143,0.8018,0.8018,457336.8605
52,2022-01-20,41.2983,27.8899,3.061,2.7992,1.9253,0.8388,0.8388,437127.212
53,2022-01-19,42.1186,28.4438,3.1218,2.8548,1.9635,0.8225,0.8225,445809.8758
54,2022-01-18,42.4581,28.6731,3.147,2.8778,1.9793,0.8159,0.8159,449402.7022
55,2022-01-17,43.1228,29.122,3.1963,2.9229,2.0103,0.8033,0.8033,456438.6539
56,2022-01-14,41.1286,27.7752,3.0485,2.7877,1.9174,0.8423,0.8423,435330.7988
57,2022-01-13,40.4356,27.3072,2.9971,2.7407,1.8851,0.8567,0.8567,427995.4449
58,2022-01-12,40.1669,27.1257,2.9772,2.7225,1.8725,0.8625,0.8625,425151.124
59,2022-01-11,39.3183,26.5527,2.9143,2.665,1.833,0.8811,0.8811,416169.058
60,2022-01-10,40.5912,27.4123,3.0086,2.7513,1.8923,0.8534,0.8534,429642.157
61,2022-01-07,39.587,26.7341,2.9342,2.6832,1.8455,0.8751,0.8751,419013.3789
62,2022-01-06,39.9547,26.9825,2.9615,2.7081,1.8626,0.867,0.867,422905.6075
63,2022-01-05,39.9972,27.0111,2.9646,2.711,1.8646,0.8661,0.8661,423354.7108
64,2022-01-04,40.5205,27.3645,3.0034,2.7465,1.889,0.8549,0.8549,428893.6515
65,2021-12-31,40.3224,27.2308,2.9887,2.7331,1.8798,0.7904,0.8591,426797.8361
66,2021-12-30,39.2617,26.5145,2.9101,2.6612,1.8303,0.8118,0.8823,415570.2536
67,2021-12-29,38.993,26.333,2.8902,2.643,1.8178,0.8173,0.8884,412725.9327
68,2021-12-28,39.4031,26.61,2.9206,2.6708,1.8369,0.8088,0.8792,417067.2646
69,2021-12-27,38.1868,25.7886,2.8304,2.5883,1.7802,0.8346,0.9072,404192.97
70,2021-12-24,38.2858,25.8554,2.8378,2.595,1.7848,0.8324,0.9048,405240.8777
71,2021-12-23,39.5446,26.7055,2.9311,2.6803,1.8435,0.8059,0.876,418564.2756
72,2021-12-22,40.0679,27.0589,2.9698,2.7158,1.8679,0.7954,0.8646,424103.2163
73,2021-12-21,38.894,26.2661,2.8828,2.6362,1.8132,0.8194,0.8907,411678.025
74,2021-12-20,38.696,26.1324,2.8682,2.6228,1.804,0.8236,0.8952,409582.2096
75,2021-12-17,39.6719,26.7915,2.9405,2.689,1.8494,0.8034,0.8732,419911.5855
76,2021-12-16,40.3083,27.2213,2.9877,2.7321,1.8791,0.7907,0.8594,426648.135
77,2021-12-15,40.874,27.6033,3.0296,2.7705,1.9055,0.7797,0.8475,432636.179
78,2021-12-14,41.4256,27.9758,3.0705,2.8078,1.9312,0.7694,0.8363,438474.5219
79,2021-12-13,41.2983,27.8899,3.061,2.7992,1.9253,0.7717,0.8388,437127.212
80,2021-12-10,41.8924,28.291,3.1051,2.8395,1.953,0.7608,0.8269,443414.6582
81,2021-12-09,39.884,26.9347,2.9562,2.7034,1.8593,0.7991,0.8686,422157.102
82,2021-12-08,40.2376,27.1735,2.9824,2.7273,1.8758,0.7921,0.8609,425899.6295
83,2021-12-07,39.6294,26.7628,2.9373,2.6861,1.8475,0.8042,0.8742,419462.4822
84,2021-12-06,41.6802,28.1477,3.0893,2.8251,1.9431,0.7647,0.8311,441169.1417
85,2021-12-03,42.8965,28.9692,3.1795,2.9075,1.9998,0.743,0.8076,454043.4363
86,2021-12-02,42.7551,28.8736,3.169,2.898,1.9932,0.7454,0.8102,452546.4253
87,2021-12-01,44.2826,29.9052,3.2822,3.0015,2.0644,0.7197,0.7823,468714.1441
88,2021-11-30,44.1977,29.8479,3.2759,2.9957,2.0604,0.7211,0.7838,467815.9375
89,2021-11-29,45.0039,30.3923,3.3357,3.0504,2.098,0.7082,0.7698,476348.9002
90,2021-11-26,45.7676,30.9081,3.3923,3.1021,2.1336,0.6964,0.7569,484432.7596
91,2021-11-25,45.9515,31.0322,3.4059,3.1146,2.1422,0.6936,0.7539,486378.8739
92,2021-11-24,46.4323,31.357,3.4416,3.1472,2.1646,0.6864,0.7461,491468.7113
93,2021-11-23,47.6345,32.1688,3.5307,3.2287,2.2207,0.6691,0.7273,504193.3048
94,2021-11-22,46.107,31.1373,3.4175,3.1252,2.1494,0.6912,0.7513,488025.586
95,2021-11-19,45.513,30.7361,3.3734,3.0849,2.1218,0.7003,0.7612,481738.1398
96,2021-11-18,42.5712,28.7495,3.1554,2.8855,1.9846,0.7486,0.8137,450600.311
97,2021-11-17,42.2601,28.5393,3.1323,2.8644,1.9701,0.7542,0.8197,447306.8868
98,2021-11-16,42.3591,28.6062,3.1397,2.8711,1.9747,0.7524,0.8178,448354.7945
99,2021-11-15,45.2584,30.5642,3.3546,3.0676,2.1099,0.7042,0.7654,479043.52
100,2021-11-12,45.711,30.8699,3.3881,3.0983,2.131,0.6972,0.7579,483833.9552
101,2021-11-11,44.7634,30.2299,3.3179,3.0341,2.0868,0.712,0.7739,473803.9815
102,2021-11-10,45.612,30.803,3.3808,3.0916,2.1264,0.6987,0.7595,482786.0475
103,2021-11-09,44.4806,30.0389,3.2969,3.0149,2.0736,0.7165,0.7788,470809.9595
104,2021-11-08,45.2584,30.5642,3.3546,3.0676,2.1099,0.7042,0.7654,479043.52
105,2021-11-05,42.8258,28.9214,3.1743,2.9028,1.9965,0.7442,0.8089,453294.9308
106,2021-11-04,44.1977,29.8479,3.2759,2.9957,2.0604,0.7211,0.7838,467815.9375
107,2021-11-03,44.2684,29.8956,3.2812,3.0005,2.0637,0.7199,0.7825,468564.443
108,2021-11-02,43.8017,29.5804,3.2466,2.9689,2.042,0.7276,0.7909,463624.3067
109,2021-11-01,44.523,30.0676,3.3001,3.0178,2.0756,0.7158,0.7781,471259.0628
110,2021-10-29,45.2867,30.5833,3.3567,3.0696,2.1112,0.7038,0.765,479342.9222
111,2021-10-28,47.1112,35.7162,3.557,3.1932,2.3776,0.6765,0.7353,498654.3641
112,2021-10-27,45.9515,34.837,3.4694,3.1146,2.3191,0.6936,0.7539,486378.8739
113,2021-10-26,41.7792,31.6739,3.1544,2.8318,2.1085,0.7628,0.8292,442217.0494
114,2021-10-25,41.4963,31.4595,3.133,2.8126,2.0943,0.768,0.8348,439223.0274
115,2021-10-22,42.4157,32.1564,3.2024,2.875,2.1407,0.7514,0.8167,448953.5989
116,2021-10-21,43.5754,33.0357,3.29,2.9536,2.1992,0.7314,0.795,461229.0891
117,2021-10-20,42.8258,32.4674,3.2334,2.9028,2.1614,0.7442,0.8089,453294.9308
118,2021-10-19,41.3832,31.3737,3.1245,2.805,2.0885,0.7701,0.8371,438025.4186
119,2021-10-18,37.6211,28.5215,2.8404,2.55,1.8987,0.8472,0.9208,398204.926
120,2021-10-15,37.4797,28.4143,2.8298,2.5404,1.8915,0.8504,0.9243,396707.915
121,2021-10-14,37.6211,28.5215,2.8404,2.55,1.8987,0.8472,0.9208,398204.926
122,2021-10-13,35.5562,26.9561,2.6845,2.41,1.7945,0.8964,0.9743,376348.5654
123,2021-10-12,35.7825,27.1276,2.7016,2.4253,1.8059,0.8907,0.9681,378743.783
124,2021-10-11,36.9846,28.039,2.7924,2.5068,1.8666,0.8617,0.9367,391468.3765
125,2021-10-08,38.8657,29.4651,2.9344,2.6343,1.9615,0.82,0.8913,411378.6228
126,2021-09-30,42.0479,31.8776,3.1747,2.85,2.1221,0.758,0.8239,445061.3703
127,2021-09-29,43.1794,32.7354,3.2601,2.9267,2.1792,0.7381,0.8023,457037.4583
128,2021-09-28,44.6503,33.8506,3.3712,3.0264,2.2534,0.7138,0.7759,472606.3727
129,2021-09-27,41.8201,31.7049,3.24,2.8346,2.1106,0.7621,0.8284,442650.06
130,2021-09-24,40.1434,30.4338,3.1101,2.7209,2.026,0.7939,0.863,424902.99
131,2021-09-23,39.0349,29.5934,3.0242,2.6458,1.97,0.8165,0.8875,413169.39
132,2021-09-22,39.7277,30.1186,3.0779,2.6928,2.005,0.8022,0.872,420502.89
133,2021-09-17,40.2266,30.4968,3.1165,2.7266,2.0302,0.7923,0.8612,425783.01
134,2021-09-16,38.6469,29.2992,2.9942,2.6195,1.9504,0.8247,0.8964,409062.63
135,2021-09-15,35.2658,26.7359,2.7322,2.3903,1.7798,0.9037,0.9823,373275.15
136,2021-09-14,33.7,25.5488,2.6109,2.2842,1.7008,0.9457,1.028,356701.44
137,2021-09-13,33.3813,25.3072,2.5862,2.2626,1.6847,0.9548,1.0378,353328.03
138,2021-09-10,34.1018,25.8535,2.642,2.3114,1.7211,0.9346,1.0158,360954.87
139,2021-09-09,35.6261,27.0091,2.7601,2.4148,1.798,0.8946,0.9724,377088.57
140,2021-09-08,34.5175,26.1686,2.6742,2.3396,1.742,0.9233,1.0036,365354.97
141,2021-09-07,33.9217,25.7169,2.6281,2.2992,1.712,0.9395,1.0212,359048.16
142,2021-09-06,34.6422,26.2632,2.6839,2.3481,1.7483,0.92,1.0,366675.0
143,2021-09-03,34.088,25.843,2.641,2.3105,1.7204,0.935,1.0163,360808.2
144,2021-09-02,32.7716,24.845,2.539,2.2213,1.6539,0.9725,1.0571,346874.55
145,2021-09-01,32.439,24.5929,2.5132,2.1987,1.6371,0.9825,1.0679,343354.47
146,2021-08-31,32.73,24.8135,2.5357,2.2185,1.6518,0.9738,1.0584,346434.54
147,2021-08-30,33.6723,25.5278,2.6087,2.2823,1.6994,0.9465,1.0288,356408.1
148,2021-08-27,33.1873,25.1601,2.5712,2.2494,1.6749,0.9603,1.0438,351274.65
149,2021-08-26,32.2589,24.4563,2.4992,2.1865,1.6281,0.988,1.0739,341447.76
150,2021-08-25,32.439,24.5929,2.5132,2.1987,1.6371,0.9825,1.0679,343354.47
151,2021-08-24,32.1203,24.3512,2.4885,2.1771,1.6211,0.9922,1.0785,339981.06
152,2021-08-23,32.1896,26.0549,2.5693,2.1818,1.9105,0.9901,1.0762,340714.41
153,2021-08-20,30.4436,24.6417,2.4299,2.0635,1.8069,1.0469,1.1379,322233.99
154,2021-08-19,30.6792,24.8323,2.4487,2.0794,1.8209,1.0388,1.1292,324727.38
155,2021-08-18,31.5106,25.5053,2.5151,2.1358,1.8702,1.0114,1.0994,333527.58
156,2021-08-17,31.2612,25.3034,2.4952,2.1189,1.8554,1.0195,1.1082,330887.52
157,2021-08-16,32.7023,26.4699,2.6102,2.2166,1.941,0.9746,1.0593,346141.2
158,2021-08-13,32.1064,25.9876,2.5627,2.1762,1.9056,0.9927,1.079,339834.39
159,2021-08-12,32.2311,26.0885,2.5726,2.1846,1.913,0.9888,1.0748,341154.42
160,2021-08-11,31.7877,25.7296,2.5372,2.1546,1.8867,1.0026,1.0898,336460.98
161,2021-08-10,31.7323,25.6848,2.5328,2.1508,1.8834,1.0044,1.0917,335874.3
162,2021-08-09,31.4967,25.4941,2.514,2.1349,1.8694,1.0119,1.0999,333380.91
163,2021-08-06,30.8316,24.9557,2.4609,2.0898,1.8299,1.0337,1.1236,326340.75
164,2021-08-05,30.5545,24.7314,2.4388,2.071,1.8135,1.0431,1.1338,323407.35
165,2021-08-04,31.178,25.2361,2.4886,2.1133,1.8505,1.0222,1.1111,330007.5
166,2021-08-03,30.9425,25.0454,2.4698,2.0973,1.8365,1.03,1.1196,327514.11
167,2021-08-02,30.8732,24.9894,2.4642,2.0926,1.8324,1.0323,1.1221,326780.76
168,2021-07-30,30.305,24.5295,2.4189,2.0541,1.7987,1.0517,1.1431,320767.29
169,2021-07-29,30.8316,24.9557,2.4609,2.0898,1.8299,1.0337,1.1236,326340.75
170,2021-07-28,30.9147,25.023,2.4675,2.0954,1.8349,1.0309,1.1206,327220.77
171,2021-07-27,29.9309,24.2267,2.389,2.0287,1.7765,1.0648,1.1574,316807.2
172,2021-07-26,30.3605,24.5744,2.4233,2.0578,1.802,1.0497,1.141,321353.97
173,2021-07-23,30.7069,24.8548,2.451,2.0813,1.8225,1.0379,1.1282,325020.72
174,2021-07-22,31.5106,25.5053,2.5151,2.1358,1.8702,1.0114,1.0994,333527.58
175,2021-07-21,32.2866,26.1334,2.577,2.1884,1.9163,0.9871,1.073,341741.1
176,2021-07-20,31.7877,25.7296,2.5372,2.1546,1.8867,1.0026,1.0898,336460.98
177,2021-07-19,31.7323,25.6848,2.5328,2.1508,1.8834,1.0044,1.0917,335874.3
178,2021-07-16,31.1226,25.1913,2.4841,2.1095,1.8472,1.024,1.1131,329420.82
179,2021-07-15,31.9956,25.8979,2.5538,2.1687,1.899,0.9961,1.0827,338661.03
180,2021-07-14,31.8709,25.7969,2.5439,2.1602,1.8916,1.0,1.087,337341.0
181,2021-07-13,33.1318,26.8176,2.6445,2.2457,1.9665,0.9619,1.0456,350687.97
182,2021-07-12,32.7438,26.5035,2.6135,2.2194,1.9434,0.9733,1.058,346581.21
183,2021-07-09,33.1457,26.8288,2.6456,2.2466,1.9673,0.9615,1.0452,350834.64
184,2021-07-08,32.7577,26.5147,2.6146,2.2203,1.9443,0.9729,1.0575,346727.88
185,2021-07-07,32.3143,26.1558,2.5793,2.1903,1.9179,0.9863,1.072,342034.44
186,2021-07-06,32.4944,26.3016,2.5936,2.2025,1.9286,0.9808,1.0661,343941.15
187,2021-07-05,32.5221,26.3241,2.5958,2.2044,1.9303,0.98,1.0652,344234.49
188,2021-07-02,31.0672,25.1464,2.4797,2.1057,1.8439,1.0259,1.1151,328834.14
189,2021-07-01,30.9702,25.0679,2.472,2.0992,1.8382,1.0291,1.1186,327807.45
190,2021-06-30,31.7046,25.6623,2.5306,2.1489,1.8818,1.0052,1.0927,335580.96
191,2021-06-29,31.1642,25.2249,2.4875,2.1123,1.8497,1.0227,1.1116,329860.83
192,2021-06-28,31.7323,25.6848,2.5328,2.1508,1.8834,1.0044,1.0917,335874.3
193,2021-06-25,32.3836,26.2119,2.5848,2.195,1.9221,0.9842,1.0697,342767.79
194,2021-06-24,32.5914,26.3802,2.6014,2.2091,1.9344,0.9779,1.0629,344967.84
195,2021-06-23,32.3559,26.1895,2.5826,2.1931,1.9204,0.985,1.0707,342474.45
196,2021-06-22,32.4251,26.2456,2.5881,2.1978,1.9245,0.9829,1.0684,343207.8
197,2021-06-21,32.3697,26.2007,2.5837,2.194,1.9212,0.9846,1.0702,342621.12
198,2021-06-18,31.2612,25.3034,2.4952,2.1189,1.8554,1.0195,1.1082,330887.52
199,2021-06-17,30.6792,24.8323,2.4487,2.0794,1.8209,1.0388,1.1292,324727.38
200,2021-06-16,30.596,24.765,2.4421,2.0738,1.816,1.0417,1.1322,323847.36
201,2021-06-15,31.4274,25.438,2.5085,2.1302,1.8653,1.0141,1.1023,332647.56
202,2021-06-11,32.9656,26.683,2.6312,2.2344,1.9566,0.9668,1.0509,348927.93
203,2021-06-10,33.5753,27.1765,2.6799,2.2757,1.9928,0.9492,1.0318,355381.41
204,2021-06-09,33.312,26.9634,2.6589,2.2579,1.9772,0.9567,1.0399,352594.68
205,2021-06-08,32.536,26.3353,2.5969,2.2053,1.9311,0.9796,1.0647,344381.16
206,2021-06-07,32.7577,26.5147,2.6146,2.2203,1.9443,0.9729,1.0575,346727.88
207,2021-06-04,32.924,26.6493,2.6279,2.2316,1.9541,0.968,2.0202,348487.92
208,2021-06-03,32.2173,26.0773,2.5715,2.1837,1.9122,0.9892,2.0645,341007.75
209,2021-06-02,32.3974,26.2231,2.5859,2.1959,1.9229,0.9837,2.053,342914.46
210,2021-06-01,33.797,27.356,2.625,2.2908,2.006,0.943,0.943,357728.13
211,2021-05-31,34.8362,28.1972,2.7057,2.3612,2.0676,0.9149,0.9149,368728.38
212,2021-05-28,34.0464,27.5578,2.6444,2.3077,2.0208,0.9361,0.9361,360368.19
213,2021-05-27,33.8108,27.3672,2.6261,2.2917,2.0068,0.9426,0.9426,357874.8
214,2021-05-26,33.7693,27.3335,2.6229,2.2889,2.0043,0.9438,0.9438,357434.79
215,2021-05-25,33.7693,27.3335,2.6229,2.2889,2.0043,0.9438,0.9438,357434.79
216,2021-05-24,35.0995,28.4103,2.7262,2.3791,2.0833,0.908,0.908,371515.11
217,2021-05-21,31.9124,25.8306,2.4786,2.163,1.8941,0.9987,0.9987,337781.01
218,2021-05-20,29.0163,23.4864,2.2537,1.9667,1.7222,1.0984,1.0984,307126.98
219,2021-05-19,28.3374,22.9368,2.201,1.9207,1.6819,1.1247,1.1247,299940.15
220,2021-05-18,28.4759,23.049,2.2117,1.9301,1.6901,1.1192,1.1192,301406.85
221,2021-05-17,28.6976,23.2284,2.2289,1.9451,1.7033,1.1106,1.1106,303753.57
222,2021-05-14,28.9471,23.4303,2.2483,1.962,1.7181,1.101,1.101,306393.63
223,2021-05-13,28.7531,23.2733,2.2333,1.9489,1.7066,1.1084,1.1084,304340.25
224,2021-05-12,29.4875,23.8678,2.2903,1.9987,1.7502,1.0808,1.0808,312113.76
225,2021-05-11,29.1411,23.5874,2.2634,1.9752,1.7296,1.0937,1.0937,308447.01
226,2021-05-10,29.1133,23.5649,2.2612,1.9733,1.728,1.0947,1.0947,308153.67
227,2021-05-07,28.6699,23.206,2.2268,1.9433,1.7016,1.1116,1.1116,303460.23
228,2021-05-06,28.5036,23.0714,2.2139,1.932,1.6918,1.1181,1.1181,301700.19
229,2021-04-30,28.1018,22.7462,2.1827,1.9048,1.6679,1.1341,1.1341,297446.76
230,2021-04-29,28.9609,23.4416,2.2494,1.963,1.7189,1.1005,1.1005,306540.3
231,2021-04-28,29.7646,24.0921,2.3118,2.0175,1.7666,1.0708,1.0708,315047.16
232,2021-04-27,29.3766,23.778,2.2817,1.9912,1.7436,1.0849,1.0849,310940.4
233,2021-04-26,29.9032,24.2042,2.3226,2.0269,1.7748,1.0658,1.0658,316513.86
234,2021-04-23,30.4852,24.6753,2.3678,2.0663,1.8094,1.0455,1.0455,322674.0
235,2021-04-22,30.887,25.0006,2.399,2.0935,1.8332,1.0319,1.0319,326927.43
236,2021-04-21,31.3443,25.3707,2.4345,2.1245,1.8604,1.0168,1.0168,331767.54
237,2021-04-20,31.2334,25.281,2.4259,2.117,1.8538,1.0204,1.0204,330594.18
238,2021-04-19,29.1311,26.511,2.4662,2.5499,2.2112,1.0412,1.0412,323994.03
239,2021-04-16,28.7223,26.139,2.4316,2.5141,2.1802,1.056,1.056,319447.26
240,2021-04-15,29.1706,26.547,2.4696,2.5533,2.2142,1.0398,1.0398,324434.04
241,2021-04-14,28.6959,26.115,2.4294,2.5118,2.1782,1.057,1.057,319153.92
242,2021-04-13,28.3662,25.815,2.4015,2.4829,2.1532,1.0693,1.0693,315487.17
243,2021-04-12,28.1156,25.5869,2.3803,2.461,2.1342,1.0788,1.0788,312700.44
244,2021-04-09,28.2211,25.6829,2.3892,2.4702,2.1422,1.0748,1.0748,313873.8
245,2021-04-08,28.0629,25.5389,2.3758,2.4564,2.1302,1.0808,1.0808,312113.76
246,2021-04-07,28.6036,26.031,2.4216,2.5037,2.1712,1.0604,1.0604,318127.23
247,2021-04-06,28.8146,26.223,2.4394,2.5222,2.1872,1.0526,1.0526,320473.95
248,2021-04-02,27.4563,24.9869,2.3244,2.4033,2.0841,1.1047,1.1047,305366.94
249,2021-04-01,27.4035,24.9389,2.32,2.3987,2.0801,1.1068,1.1068,304780.26
250,2021-03-31,26.7441,24.3388,2.2642,2.3409,2.0301,1.1341,1.1341,297446.76
251,2021-03-30,26.454,24.0748,2.2396,2.3156,2.008,1.1466,1.1466,294220.02
252,2021-03-29,26.9288,24.5068,2.2798,2.3571,2.0441,1.1263,1.1263,299500.14
253,2021-03-26,27.1134,24.6748,2.2954,2.3733,2.0581,1.1187,1.1187,301553.52
254,2021-03-25,26.876,24.4588,2.2753,2.3525,2.0401,1.1286,1.1286,298913.46
255,2021-03-24,27.5881,25.1069,2.3356,2.4148,2.0941,1.0994,1.0994,306833.64
256,2021-03-23,27.8387,25.3349,2.3568,2.4368,2.1131,1.0895,1.0895,309620.37
257,2021-03-22,28.1948,25.6589,2.387,2.4679,2.1402,1.0758,1.0758,313580.46
258,2021-03-19,27.5618,25.0829,2.3334,2.4125,2.0921,1.1005,1.1005,306540.3
259,2021-03-18,27.72,25.2269,2.3468,2.4264,2.1041,1.0942,1.0942,308300.34
260,2021-03-17,28.2739,25.7309,2.3937,2.4748,2.1462,1.0728,1.0728,314460.48
261,2021-03-16,27.5881,25.1069,2.3356,2.4148,2.0941,1.0994,1.0994,306833.64
262,2021-03-15,27.2848,24.8308,2.3099,2.3883,2.0711,1.1116,1.1116,303460.23
263,2021-03-12,26.8628,24.4468,2.2742,2.3513,2.0391,1.1291,1.1291,298766.79
264,2021-03-11,26.9683,24.5428,2.2831,2.3606,2.0471,1.1247,1.1247,299940.15
265,2021-03-10,26.7441,24.3388,2.2642,2.3409,2.0301,1.1341,1.1341,297446.76
266,2021-03-09,27.509,25.0349,2.3289,2.4079,2.0881,1.1026,1.1026,305953.62
267,2021-03-08,28.4849,25.923,2.4115,2.4933,2.1622,1.0648,1.0648,316807.2
268,2021-03-05,28.986,26.379,2.4539,2.5372,2.2002,1.0464,1.0464,322380.66
269,2021-03-04,29.3025,26.6671,2.4807,2.5649,2.2243,1.0351,1.0351,325900.74
270,2021-03-03,29.7773,27.0991,2.5209,2.6064,2.2603,1.0186,1.0186,331180.86
271,2021-03-02,28.3662,25.815,2.4015,2.4829,2.1532,1.0693,1.0693,315487.17
272,2021-03-01,27.9178,25.4069,2.3635,2.4437,2.1191,1.0864,1.0864,310500.39
273,2021-02-26,27.1661,24.7228,2.2999,2.3779,2.0621,1.1165,1.1165,302140.2
274,2021-02-25,27.0606,24.6268,2.2909,2.3687,2.0541,1.1209,1.1209,300966.84
275,2021-02-24,27.5354,25.0589,2.3311,2.4102,2.0901,1.1015,1.1015,306246.96
276,2021-02-23,27.1661,24.7228,2.2999,2.3779,2.0621,1.1165,1.1165,302140.2
277,2021-02-22,27.6936,25.2029,2.3445,2.4241,2.1021,1.0952,1.0952,308007.0
278,2021-02-19,27.1002,24.6628,2.2943,2.3721,2.0571,1.1192,1.1192,301406.85
279,2021-02-18,26.665,24.2668,2.2575,2.334,2.024,1.1375,1.1375,296566.74
280,2021-02-10,25.4386,23.1506,2.1536,2.2267,1.931,1.1923,1.1923,282926.43
281,2021-02-09,24.6737,22.4546,2.0889,2.1597,1.8729,1.2293,1.2293,274419.57
282,2021-02-08,24.4495,22.2505,2.0699,2.1401,1.8559,1.2406,1.2406,271926.18
283,2021-02-05,25.1485,22.8866,2.1291,2.2013,1.9089,1.2061,1.2061,279699.69
284,2021-02-04,25.7551,23.4387,2.1804,2.2544,1.955,1.1777,1.1777,286446.51
285,2021-02-03,25.9529,23.6187,2.1972,2.2717,1.97,1.1687,1.1687,288646.56
286,2021-02-02,26.9947,24.5668,2.2854,2.3629,2.0491,1.1236,1.1236,300233.49
287,2021-02-01,27.0738,24.6388,2.2921,2.3698,2.0551,1.1203,1.1203,301113.51
288,2021-01-29,27.0738,24.6388,2.2921,2.3698,2.0551,1.1203,1.1203,301113.51
289,2021-01-28,27.7464,25.2509,2.349,2.4287,2.1061,1.0932,1.0932,308593.68
290,2021-01-27,28.5113,25.947,2.4138,2.4956,2.1642,1.0638,1.0638,317100.54
291,2021-01-26,28.2211,25.6829,2.3892,2.4702,2.1422,1.0748,1.0748,313873.8
292,2021-01-25,28.1684,25.6349,2.3847,2.4656,2.1382,1.0768,1.0768,313287.12
293,2021-01-22,28.7618,26.175,2.435,2.5176,2.1832,1.0546,1.0546,319887.27
294,2021-01-21,29.3553,26.7151,2.4852,2.5695,2.2283,1.0332,1.0332,326487.42
295,2021-01-20,29.5135,26.8591,2.4986,2.5834,2.2403,1.0277,1.0277,328247.46
296,2021-01-19,29.4212,26.7751,2.4908,2.5753,2.2333,1.0309,1.0309,327220.77
297,2021-01-18,29.5267,26.8711,2.4997,2.5845,2.2413,1.0272,1.0272,328394.13
298,2021-01-15,29.1179,26.499,2.4651,2.5487,2.2102,1.0417,1.0417,323847.36
299,2021-01-14,28.4321,25.875,2.4071,2.4887,2.1582,1.0668,1.0668,316220.52
300,2021-01-13,28.3266,25.779,2.3981,2.4795,2.1502,1.0708,1.0708,315047.16
301,2021-01-12,29.5926,26.9311,2.5053,2.5903,2.2463,1.025,1.025,329127.48
302,2021-01-11,29.1179,26.499,2.4651,2.5487,2.2102,1.0417,1.0417,323847.36
303,2021-01-08,30.4366,27.6992,2.5768,2.6642,2.3103,0.9965,0.9965,338514.36
304,2021-01-07,30.1465,27.4351,2.5522,2.6388,2.2883,1.0061,1.0061,335287.62
305,2021-01-06,31.4257,28.5993,2.6605,2.7507,2.3854,0.9652,0.9652,349514.61
306,2021-01-05,31.6235,28.7793,2.6772,2.768,2.4004,0.9591,0.9591,351714.66
307,2021-01-04,31.7949,28.9353,2.6918,2.783,2.4134,0.954,0.954,353621.37
308,2020-12-31,31.0564,28.2632,2.6292,2.7184,2.3574,,0.9766,345407.85
309,2020-12-30,30.2256,27.5071,2.5589,2.6457,2.2943,,1.0035,336167.64
310,2020-12-29,30.2652,27.5432,2.5622,2.6491,2.2973,,1.0022,336607.65
311,2020-12-28,30.3179,27.5912,2.5667,2.6538,2.3013,,1.0004,337194.33
312,2020-12-25,31.9928,29.1153,2.7085,2.8004,2.4285,,0.9481,355821.42
313,2020-12-24,32.3093,29.4034,2.7353,2.8281,2.4525,,0.9388,359341.5
314,2020-12-23,35.0522,31.8997,2.9675,3.0682,2.6607,,0.8653,389848.86
315,2020-12-22,34.8149,31.6836,2.9474,3.0474,2.6427,,0.8712,387208.8
316,2020-12-21,36.4633,33.1838,3.087,3.1917,2.7678,,0.8318,405542.55
317,2020-12-18,37.2677,33.9159,3.1551,3.2621,2.8289,,0.8139,414489.42
318,2020-12-17,35.9358,32.7037,3.0423,3.1455,2.7278,,0.844,399675.75
319,2020-12-16,35.9358,32.7037,3.0423,3.1455,2.7278,,0.844,399675.75
320,2020-12-15,36.2391,32.9798,3.068,3.1721,2.7508,,0.837,403049.16
321,2020-12-14,35.0259,31.8756,2.9653,3.0659,2.6587,,0.866,389555.52
322,2020-12-11,34.683,31.5636,2.9363,3.0358,2.6327,,0.8745,385742.1
323,2020-12-10,35.9094,32.6797,3.0401,3.1432,2.7258,,0.8447,399382.41
324,2020-12-09,35.6061,32.4037,3.0144,3.1166,2.7027,,0.8519,396009.0
325,2020-12-08,37.637,34.2519,3.1863,3.2944,2.8569,,0.8059,418596.18
326,2020-12-07,38.8898,35.3921,3.2924,3.4041,2.952,,0.7799,432529.83
327,2020-12-04,38.5601,35.092,3.2645,3.3752,2.927,,0.7866,428863.08
328,2020-12-03,40.3668,36.7362,3.4174,3.5334,3.0641,,0.7514,448956.87
329,2020-12-02,40.3404,36.7122,3.4152,3.531,3.0621,,0.7519,448663.53
330,2020-12-01,42.0416,38.2604,3.5592,3.68,3.1912,,0.7215,467583.96
331,2020-11-30,41.9757,38.2004,3.5536,3.6742,3.1862,,0.7226,466850.61
332,2020-11-27,40.8547,37.1803,3.4588,3.5761,3.1011,,0.7424,454383.66
333,2020-11-26,38.8766,35.38,3.2913,3.4029,2.951,,0.7802,432383.16
334,2020-11-25,40.3272,36.7002,3.4141,3.5299,3.0611,,0.7521,448516.86
335,2020-11-24,38.5865,35.116,3.2667,3.3775,2.929,,0.7861,429156.42
336,2020-11-23,38.481,35.02,3.2578,3.3683,2.921,,0.7882,427983.06
337,2020-11-20,39.6678,36.1001,3.3583,3.4722,3.011,,0.7646,441183.36
338,2020-11-19,39.3513,35.8121,3.3315,3.4445,2.987,,0.7708,437663.28
339,2020-11-18,40.0635,36.4602,3.3918,3.5068,3.0411,,0.7571,445583.46
340,2020-11-17,40.6173,36.9642,3.4387,3.5553,3.0831,,0.7468,451743.6
341,2020-11-16,38.1513,34.72,3.2299,3.3394,2.8959,,0.795,424316.31
342,2020-11-13,39.1667,35.6441,3.3158,3.4283,2.973,,0.7744,435609.9
343,2020-11-12,39.5755,36.0161,3.3505,3.4641,3.004,,0.7664,440156.67
344,2020-11-11,39.3909,35.8481,3.3348,3.4479,2.99,,0.77,438103.29
345,2020-11-10,35.8039,32.5837,3.0312,3.134,2.7178,,0.8471,398209.05
346,2020-11-09,37.1622,33.8199,3.1461,3.2529,2.8209,,0.8162,413316.06
347,2020-11-06,36.2523,32.9918,3.0691,3.1732,2.7518,,0.8367,403195.83
348,2020-11-05,34.4852,31.3836,2.9195,3.0185,2.6177,,0.8795,383542.05
349,2020-11-04,33.8917,30.8435,2.8693,2.9666,2.5726,,0.8949,376941.9
350,2020-11-03,34.1687,31.0956,2.8927,2.9908,2.5936,,0.8877,380021.97
351,2020-11-02,33.8786,30.8315,2.8682,2.9654,2.5716,,0.8953,376795.23
352,2020-10-30,33.7071,33.1973,2.9513,2.9504,2.9401,,0.8998,374888.52
353,2020-10-29,34.6171,34.0935,3.031,3.0301,3.0195,,0.8762,385008.75
354,2020-10-28,35.0786,34.5481,3.0714,3.0705,3.0598,,0.8647,390142.2
355,2020-10-27,35.4611,34.9247,3.1049,3.1039,3.0931,,0.8553,394395.63
356,2020-10-26,36.3974,35.8469,3.1869,3.1859,3.1748,,0.8333,404809.2
357,2020-10-23,34.8808,34.3532,3.0541,3.0532,3.0425,,0.8696,387942.15
358,2020-10-22,35.1577,34.626,3.0784,3.0774,3.0667,,0.8627,391022.22
359,2020-10-21,35.5138,34.9767,3.1095,3.1086,3.0977,,0.8541,394982.31
360,2020-10-20,35.738,35.1975,3.1292,3.1282,3.1173,,0.8487,397475.7
361,2020-10-19,35.2896,34.7559,3.0899,3.0889,3.0782,,0.8595,392488.92
362,2020-10-16,35.6061,35.0676,3.1176,3.1166,3.1058,,0.8519,396009.0
363,2020-10-15,36.0413,35.4962,3.1557,3.1547,3.1437,,0.8416,400849.11
364,2020-10-14,35.8171,35.2754,3.1361,3.1351,3.1242,,0.8468,398355.72
365,2020-10-13,36.1864,35.639,3.1684,3.1674,3.1564,,0.8382,402462.48
366,2020-10-12,36.6611,36.1066,3.21,3.209,3.1978,,0.8273,407742.6
367,2020-10-09,35.9226,35.3793,3.1453,3.1443,3.1334,,0.8443,399529.08
368,2020-09-30,34.1027,33.5869,2.986,2.9851,2.9746,,0.8894,379288.62
369,2020-09-29,34.7357,34.2104,3.0414,3.0405,3.0299,,0.8732,386328.78
370,2020-09-28,35.672,35.1325,3.1234,3.1224,3.1115,,0.8503,396742.35
371,2020-09-25,34.4852,33.9636,3.0195,3.0185,3.008,,0.8795,383542.05
372,2020-09-24,34.683,34.1584,3.0368,3.0358,3.0253,,0.8745,385742.1
373,2020-09-23,35.738,35.1975,3.1292,3.1282,3.1173,,0.8487,397475.7
374,2020-09-22,35.738,35.1975,3.1292,3.1282,3.1173,,0.8487,397475.7
375,2020-09-21,36.4633,35.9118,3.1927,3.1917,3.1805,,0.8318,405542.55
376,2020-09-18,36.2919,35.743,3.1777,3.1767,3.1656,,0.8358,403635.84
377,2020-09-17,35.883,35.3403,3.1419,3.1409,3.1299,,0.8453,399089.07
378,2020-09-16,35.5402,35.0026,3.1118,3.1109,3.1,,0.8534,395275.65
379,2020-09-15,35.527,34.9896,3.1107,3.1097,3.0989,,0.8537,395128.98
380,2020-09-14,35.8962,35.3533,3.143,3.142,3.1311,,0.845,399235.74
381,2020-09-11,34.9204,34.3922,3.0576,3.0566,3.046,,0.8686,388382.16
382,2020-09-10,34.1687,33.6519,2.9918,2.9908,2.9804,,0.8877,380021.97
383,2020-09-09,35.8039,35.2624,3.1349,3.134,3.123,,0.8471,398209.05
384,2020-09-08,37.7293,37.1586,3.3035,3.3025,3.291,,0.8039,419622.87
385,2020-09-07,38.0194,37.4444,3.3289,3.3279,3.3163,,0.7978,422849.61
386,2020-09-04,38.6392,38.0548,3.3832,3.3821,3.3703,,0.785,429743.1
387,2020-09-03,38.8634,38.2756,3.4028,3.4018,3.3899,,0.7805,432236.49
388,2020-09-02,39.8393,39.2367,3.4883,3.4872,3.475,,0.7613,443090.07
389,2020-09-01,40.0503,39.4445,3.5067,3.5056,3.4934,,0.7573,445436.79
390,2020-08-31,39.47,38.8731,3.4559,3.4549,3.4428,,0.7685,438983.31
391,2020-08-28,39.5887,38.99,3.4663,3.4652,3.4532,,0.7662,440303.34
392,2020-08-27,40.1294,37.5883,3.5985,3.5126,3.5242,,0.7558,446316.81
393,2020-08-26,38.7843,36.3284,3.4779,3.3948,3.4061,,0.782,431356.47
394,2020-08-25,40.7624,38.1812,3.6553,3.568,3.5798,,0.7441,453356.97
395,2020-08-24,41.3427,38.7247,3.7073,3.6188,3.6307,,0.7337,459810.45
396,2020-08-21,41.1317,38.5271,3.6884,3.6003,3.6122,,0.7374,457463.73
397,2020-08-20,42.3449,39.6635,3.7972,3.7065,3.7188,,0.7163,470957.37
398,2020-08-19,44.1516,41.3558,3.9592,3.8646,3.8774,,0.687,491051.16
399,2020-08-18,43.268,40.5282,3.88,3.7873,3.7998,,0.701,481224.27
400,2020-08-17,41.4877,38.8606,3.7204,3.6315,3.6435,,0.7311,461423.82
401,2020-08-14,41.0262,38.4283,3.679,3.5911,3.6029,,0.7393,456290.37
402,2020-08-13,40.2877,37.7365,3.6127,3.5264,3.5381,,0.7529,448076.85
403,2020-08-12,40.6042,38.033,3.6411,3.5541,3.5659,,0.747,451596.93
404,2020-08-11,42.4504,39.7623,3.8067,3.7157,3.728,,0.7145,472130.73
405,2020-08-10,41.5405,38.91,3.7251,3.6361,3.6481,,0.7302,462010.5
406,2020-08-07,41.158,38.5518,3.6908,3.6026,3.6145,,0.7369,457757.07
407,2020-08-06,41.9493,39.2929,3.7617,3.6719,3.684,,0.723,466557.27
408,2020-08-05,42.6218,39.9229,3.8221,3.7307,3.7431,,0.7116,474037.44
409,2020-08-04,43.0702,40.3429,3.8623,3.77,3.7824,,0.7042,479024.22
410,2020-08-03,44.0329,41.2446,3.9486,3.8543,3.867,,0.6888,489731.13
411,2020-07-31,42.9911,40.2688,3.8552,3.7631,3.7755,,0.7055,478144.2
412,2020-07-30,42.7405,40.0341,3.8327,3.7411,3.7535,,0.7097,475357.47
413,2020-07-29,43.8746,41.0964,3.9344,3.8404,3.8531,,0.6913,487971.09
414,2020-07-28,42.7933,40.0835,3.8374,3.7457,3.7581,,0.7088,475944.15
415,2020-07-27,38.903,36.4395,3.4886,3.4052,3.4165,,0.7797,432676.5
416,2020-07-24,41.2372,38.6259,3.6979,3.6095,3.6215,,0.7355,458637.09
417,2020-07-23,45.8132,42.9122,4.1082,4.0101,4.0233,,0.6621,509531.58
418,2020-07-22,45.6286,42.7393,4.0917,3.9939,4.0071,,0.6647,507478.2
419,2020-07-21,46.2088,43.2828,4.1437,4.0447,4.0581,,0.6564,513931.68
420,2020-07-20,48.2924,45.2344,4.3306,4.2271,4.2411,,0.6281,537105.54
421,2020-07-17,47.8704,44.8392,4.2927,4.1902,4.204,,0.6336,532412.1
422,2020-07-16,46.2088,43.2828,4.1437,4.0447,4.0581,,0.6564,513931.68
423,2020-07-15,47.2111,44.2215,4.2336,4.1324,4.1461,,0.6425,525078.6
424,2020-07-14,51.3783,48.1249,4.6073,4.4972,4.5121,,0.5903,571426.32
425,2020-07-13,54.2136,50.7807,4.8615,4.7454,4.7611,,0.5595,602960.37
426,2020-07-10,51.6025,48.3349,4.6274,4.5168,4.5318,,0.5878,573919.71
427,2020-07-09,49.1892,46.0744,4.411,4.3056,4.3198,,0.6166,547079.1
428,2020-07-08,48.6485,45.5679,4.3625,4.2583,4.2723,,0.6235,541065.63
429,2020-07-07,49.2947,46.1732,4.4204,4.3148,4.3291,,0.6153,548252.46
430,2020-07-06,46.5121,43.5669,4.1709,4.0713,4.0847,,0.6521,517305.09
431,2020-07-03,44.0988,41.3064,3.9545,3.86,3.8728,,0.6878,490464.48
432,2020-07-02,43.8746,41.0964,3.9344,3.8404,3.8531,,0.6913,487971.09
433,2020-07-01,45.589,42.7022,4.0881,3.9905,4.0037,,0.6653,507038.19
434,2020-06-30,46.6836,43.7274,4.1863,4.0863,4.0998,,0.6497,519211.8
435,2020-06-29,48.4243,45.358,4.3424,4.2386,4.2526,,0.6264,538572.24
436,2020-06-24,44.0197,41.2323,3.9474,3.8531,3.8658,,0.689,489584.46
437,2020-06-23,40.8152,38.2306,3.66,3.5726,3.5844,,0.7431,453943.65
438,2020-06-22,38.1513,35.7354,3.4212,3.3394,3.3505,,0.795,424316.31
439,2020-06-19,37.1754,34.8214,3.3337,3.254,3.2648,,0.8159,413462.73
440,2020-06-18,37.2809,34.9202,3.3431,3.2632,3.274,,0.8136,414636.09
441,2020-06-17,37.6897,35.3031,3.3798,3.299,3.3099,,0.8048,419182.86
442,2020-06-16,38.2832,35.859,3.433,3.351,3.362,,0.7923,425783.01
443,2020-06-15,37.004,34.6608,3.3183,3.239,3.2497,,0.8197,411556.02
444,2020-06-12,36.9249,34.5867,3.3112,3.2321,3.2428,,0.8214,410676.0
445,2020-06-11,37.1622,34.809,3.3325,3.2529,3.2636,,0.8162,413316.06
446,2020-06-10,36.9644,34.6237,3.3147,3.2355,3.2462,,0.8205,411116.01
447,2020-06-09,38.2304,35.8096,3.4283,3.3464,3.3574,,0.7934,425196.33
448,2020-06-08,39.6019,37.0942,3.5512,3.4664,3.4779,,0.7659,440450.01
449,2020-06-05,38.2304,35.8096,3.4283,3.3464,3.3574,,0.7934,425196.33
450,2020-06-04,41.013,38.4159,3.5804,3.5899,3.6018,,,456143.7
451,2020-06-03,42.4504,39.7623,3.7059,3.7157,3.728,,,472130.73
452,2020-06-02,43.9933,41.2076,3.8406,3.8508,3.8635,,,489291.12
453,2020-06-01,39.9975,37.4648,3.4917,3.501,3.5126,,,444850.11
454,2020-05-29,38.8634,36.4025,3.3927,3.4018,3.413,,,432236.49
455,2020-05-28,39.2327,36.7483,3.425,3.4341,3.4454,,,436343.25
456,2020-05-27,39.8393,37.3166,3.4779,3.4872,3.4987,,,443090.07
457,2020-05-26,41.0262,38.4283,3.5815,3.5911,3.6029,,,456290.37
458,2020-05-25,40.4195,37.8601,3.5286,3.538,3.5497,,,449543.55
459,2020-05-22,40.2877,37.7365,3.5171,3.5264,3.5381,,,448076.85
460,2020-05-21,44.0197,41.2323,3.8429,3.8531,3.8658,,,489584.46
461,2020-05-20,48.2529,45.1974,4.2124,4.2236,4.2376,,,536665.53
462,2020-05-19,53.607,50.2124,4.6798,4.6923,4.7078,,,596213.55
463,2020-05-18,52.6047,49.2737,4.5923,4.6046,4.6198,,,585066.63
464,2020-05-15,54.0817,50.6571,4.7213,4.7338,4.7495,,,601493.67
465,2020-05-14,55.6642,52.1394,4.8594,4.8724,4.8885,,,619094.07
466,2020-05-13,58.7501,55.0299,5.1288,5.1425,5.1595,,,653414.85
467,2020-05-12,60.5436,56.7098,5.2854,5.2995,5.317,,,673361.97
468,2020-05-11,63.6163,59.5879,5.5536,5.5684,5.5868,,,707536.08
469,2020-05-08,63.7613,59.7238,5.5663,5.5811,5.5996,,,709149.45
470,2020-05-07,63.8009,59.7608,5.5698,5.5846,5.603,,,709589.46
471,2020-05-06,62.3239,58.3774,5.4408,5.4553,5.4733,,,693162.42
472,2020-04-30,56.6533,53.0658,4.9458,4.9589,4.9753,,,630094.32
473,2020-04-29,51.497,48.2361,4.4956,4.5076,4.5225,,,572746.35
474,2020-04-28,46.8154,46.8154,4.1574,4.0978,4.0978,,,520678.5
475,2020-04-27,42.5559,42.5559,3.7791,3.725,3.725,,,473304.09
476,2020-04-24,40.8152,40.8152,3.6245,3.5726,3.5726,,,453943.65
477,2020-04-23,38.7975,38.7975,3.4453,3.396,3.396,,,431503.14
478,2020-04-22,41.3558,41.3558,3.6725,3.6199,3.6199,,,459957.12
479,2020-04-21,45.9451,45.9451,4.0801,4.0216,4.0216,,,510998.28
480,2020-04-20,36.6638,42.8419,4.1613,3.8193,4.1175,,,510851.61
481,2020-04-17,33.3269,38.9427,3.7826,3.4717,3.7428,,,464357.22
482,2020-04-16,30.2952,35.4002,3.4385,3.1559,3.4023,,,422116.26
483,2020-04-15,28.4005,33.1861,3.2234,2.9585,3.1895,,,395715.66
484,2020-04-14,25.8215,30.1726,2.9307,2.6899,2.8999,,,359781.51
485,2020-04-13,23.4741,27.4296,2.6643,2.4453,2.6363,,,327074.1
486,2020-04-10,21.7793,25.4493,2.4719,2.2688,2.4459,,,303460.23
487,2020-04-09,22.4951,26.2857,2.5532,2.3434,2.5263,,,313433.79
488,2020-04-08,22.7372,26.5686,2.5806,2.3686,2.5535,,,316807.2
489,2020-04-07,23.2636,27.1836,2.6404,2.4234,2.6126,,,324140.7
490,2020-04-03,22.8846,26.7408,2.5974,2.3839,2.5701,,,318860.58
491,2020-04-02,22.5688,26.3718,2.5615,2.351,2.5346,,,314460.48
492,2020-04-01,22.7056,26.5317,2.5771,2.3653,2.55,,,316367.19
493,2020-03-31,23.2636,27.1836,2.6404,2.4234,2.6126,,,324140.7
494,2020-03-30,21.9793,25.683,2.4946,2.2896,2.4684,,,306246.96
495,2020-03-27,22.8635,26.7162,2.595,2.3817,2.5677,,,318567.24
496,2020-03-26,22.5688,26.3718,2.5615,2.351,2.5346,,,314460.48
497,2020-03-25,22.4004,26.175,2.5424,2.3335,2.5157,,,312113.76
498,2020-03-24,21.474,25.0926,2.4373,2.237,2.4116,,,299206.8
499,2020-03-23,21.0214,24.5637,2.3859,2.1898,2.3608,,,292899.99
500,2020-03-20,21.9898,25.6953,2.4958,2.2907,2.4696,,,306393.63
501,2020-03-19,21.7793,25.4493,2.4719,2.2688,2.4459,,,303460.23
502,2020-03-18,21.274,24.8589,2.4146,2.2162,2.3892,,,296420.07
503,2020-03-17,21.2214,24.7974,2.4086,2.2107,2.3833,,,295686.72
504,2020-03-16,21.0425,24.5883,2.3883,2.192,2.3632,,,293193.33
505,2020-03-13,21.474,25.0926,2.4373,2.237,2.4116,,,299206.8
506,2020-03-12,21.9162,25.6092,2.4875,2.283,2.4613,,,305366.94
507,2020-03-11,22.453,26.2365,2.5484,2.339,2.5216,,,312847.11
508,2020-03-10,23.0425,26.9253,2.6153,2.4004,2.5878,,,321060.63
509,2020-03-09,22.7899,26.6301,2.5866,2.3741,2.5594,,,317540.55
510,2020-03-06,24.0846,28.143,2.7336,2.5089,2.7048,,,335580.96
511,2020-03-05,24.3478,28.4505,2.7634,2.5364,2.7344,,,339247.71
512,2020-03-04,24.5583,28.6965,2.7873,2.5583,2.758,,,342181.11
513,2020-03-03,23.5793,27.5526,2.6762,2.4563,2.6481,,,328540.8
514,2020-03-02,21.8425,25.5231,2.4791,2.2754,2.453,,,304340.25
515,2020-02-28,21.1161,24.6744,2.3967,2.1997,2.3714,,,294220.02
516,2020-02-27,22.4635,26.2488,2.5496,2.3401,2.5228,,,312993.78
517,2020-02-26,22.6846,26.5071,2.5747,2.3631,2.5476,,,316073.85
518,2020-02-25,22.7583,26.5932,2.583,2.3708,2.5559,,,317100.54
519,2020-02-24,23.4741,27.4296,2.6643,2.4453,2.6363,,,327074.1
520,2020-02-21,23.7162,27.7125,2.6918,2.4706,2.6634,,,330447.51
521,2020-02-20,23.632,27.6141,2.6822,2.4618,2.654,,,329274.15
522,2020-02-19,23.2846,27.2082,2.6428,2.4256,2.615,,,324434.04
523,2020-02-18,23.7688,27.774,2.6977,2.476,2.6694,,,331180.86
524,2020-02-17,23.5688,27.5403,2.675,2.4552,2.6469,,,328394.13
525,2020-02-14,23.0951,26.9868,2.6213,2.4059,2.5937,,,321793.98
526,2020-02-13,22.2425,25.9905,2.5245,2.317,2.4979,,,309913.71
527,2020-02-12,22.8635,26.7162,2.595,2.3817,2.5677,,,318567.24
528,2020-02-11,22.6951,26.5194,2.5759,2.3642,2.5488,,,316220.52
529,2020-02-10,22.832,26.6793,2.5914,2.3784,2.5641,,,318127.23
530,2020-02-07,22.2109,25.9536,2.5209,2.3138,2.4944,,,309473.7
531,2020-02-06,22.1162,25.8429,2.5102,2.3039,2.4838,,,308153.67
532,2020-02-05,21.7898,25.4616,2.4731,2.2699,2.4471,,,303606.9
533,2020-02-04,21.3688,24.9696,2.4253,2.226,2.3998,,,297740.1
534,2020-02-03,22.3583,26.1258,2.5376,2.3291,2.5109,,,311527.08
535,2020-01-23,24.8425,29.0287,2.8196,2.5879,2.7899,,,346141.2
536,2020-01-22,25.9794,30.3571,2.9486,2.7063,2.9176,,,361981.56
537,2020-01-21,26.4531,30.9106,3.0024,2.7557,2.9708,,,368581.71
538,2020-01-20,27.2952,31.8946,3.098,2.8434,3.0654,,,380315.31
539,2020-01-17,26.9162,31.4518,3.055,2.8039,3.0228,,,375035.19
540,2020-01-16,27.2215,31.8085,3.0896,2.8357,3.0571,,,379288.62
541,2020-01-15,27.7163,32.3866,3.1458,2.8873,3.1127,,,386182.11
542,2020-01-14,28.4847,33.2846,3.233,2.9673,3.199,,,396889.02
543,2020-01-13,29.0426,33.9365,3.2963,3.0254,3.2616,,,404662.53
544,2020-01-10,28.8005,33.6536,3.2688,3.0002,3.2344,,,401289.12
545,2020-01-09,28.811,33.6659,3.27,3.0013,3.2356,,,401435.79
546,2020-01-08,28.9479,33.8258,3.2855,3.0156,3.251,,,403342.5
547,2020-01-07,30.811,36.0029,3.497,3.2096,3.4602,,,429303.09
548,2020-01-06,31.7584,37.1099,3.6045,3.3083,3.5666,,,442503.39
549,2020-01-03,33.7164,39.3978,3.8268,3.5123,3.7865,,,469784.01
550,2020-01-02,30.6531,35.8184,3.4791,3.1932,3.4425,,,427103.04
551,2019-12-31,27.8636,32.5588,3.1625,2.9026,3.1292,,,388235.49
